0	0	5.799378753
0	0	7.29416114
0	0	8.788943528
0	0	10.28372592
0	0	11.7785083
0	0	13.27329069
0	0	14.76807308
0	0	16.26285547
0	0	17.75763785
0	0	19.25242024
0	0	20.74720263
0	0	22.24198502
0	0	23.7367674
0	0	25.23154979
0	0	26.72633218
0	0	28.22111457
0	0	29.71589695
0	0	31.21067934
0	0	32.70546173
0	0	34.20024412
0	0	35.6950265
0	0	37.18980889
0	0	38.68459128
0	0	40.17937367
0	0	41.67415605
0	0	43.16893844
0	0	44.66372083
0	0	46.15850322
0	0	47.6532856
0	0	49.14806799
2	1.414213562	50.64285038
26	5.099019514	52.13763277
127	11.26942767	53.63241515
657	25.63201124	55.12719754
2764	52.57375771	56.62197993
4176	64.62197769	58.11676232
4426	66.52818951	59.6115447
4684	68.43975453	61.10632709
4623	67.99264666	62.60110948
4668	68.32276341	64.09589187
4579	67.66830868	65.59067425
4484	66.96267617	67.08545664
4592	67.76429738	68.58023903
4402	66.34756966	70.07502142
4497	67.05967492	71.5698038
4487	66.98507296	73.06458619
4588	67.73477689	74.55936858
4502	67.09694479	76.05415097
4549	67.44627492	77.54893335
4565	67.56478373	79.04371574
4559	67.5203673	80.53849813
4512	67.17142249	82.03328052
4508	67.14164133	83.5280629
4634	68.0734897	85.02284529
4528	67.29041537	86.51762768
4465	66.82065549	88.01241007
4528	67.29041537	89.50719245
4543	67.40178039	91.00197484
4596	67.79380503	92.49675723
4404	66.36264009	93.99153962
4489	67	95.486322
4432	66.57326791	96.98110439
4570	67.60177512	98.47588678
4635	68.08083431	99.97066917
4518	67.21606951	101.4654516
4515	67.19374971	102.9602339
4601	67.83067153	104.4550163
4626	68.01470429	105.9497987
4474	66.88796603	107.4445811
4471	66.86553671	108.9393635
4553	67.47592163	110.4341459
4547	67.43144667	111.9289283
4525	67.26812024	113.4237107
4432	66.57326791	114.918493
4402	66.34756966	116.4132754
4645	68.15423685	117.9080578
4463	66.80568838	119.4028402
4516	67.20119047	120.8976226
4493	67.0298441	122.392405
4575	67.63874629	123.8871874
4521	67.2383819	125.3819698
4429	66.55073253	126.8767521
4467	66.83561925	128.3715345
4408	66.39277069	129.8663169
4438	66.6183158	131.3610993
4508	67.14164133	132.8558817
4456	66.75327707	134.3506641
4432	66.57326791	135.8454465
4490	67.00746227	137.3402289
4368	66.09084657	138.8350112
4328	65.78753681	140.3297936
4502	67.09694479	141.824576
4297	65.55150647	143.3193584
4416	66.4529909	144.8141408
4340	65.87867637	146.3089232
4373	66.12866247	147.8037056
4447	66.68583058	149.298488
4324	65.75712889	150.7932703
4398	66.31741853	152.2880527
4311	65.65820588	153.7828351
4473	66.88049043	155.2776175
4342	65.89385404	156.7723999
4396	66.30233782	158.2671823
4279	65.41406577	159.7619647
4279	65.41406577	161.2567471
4356	66	162.7515294
4295	65.53624951	164.2463118
4309	65.64297373	165.7410942
4188	64.71475875	167.2358766
4335	65.84071689	168.730659
4312	65.66582064	170.2254414
4278	65.4064217	171.7202238
4305	65.61249881	173.2150062
4311	65.65820588	174.7097885
4155	64.45928948	176.2045709
4236	65.08456038	177.6993533
4279	65.41406577	179.1941357
4356	66	180.6889181
4179	64.64518544	182.1837005
4207	64.86139067	183.6784829
4271	65.35288823	185.1732653
4272	65.36053855	186.6680476
4388	66.24198065	188.16283
4306	65.62011887	189.6576124
4192	64.74565622	191.1523948
4181	64.66065264	192.6471772
4279	65.41406577	194.1419596
4256	65.23802572	195.636742
4340	65.87867637	197.1315244
4305	65.61249881	198.6263067
4340	65.87867637	200.1210891
4474	66.88796603	201.6158715
4317	65.70388116	203.1106539
4463	66.80568838	204.6054363
4381	66.18912297	206.1002187
4474	66.88796603	207.5950011
4415	66.44546636	209.0897835
4475	66.8954408	210.5845658
4474	66.88796603	212.0793482
4629	68.03675477	213.5741306
4619	67.96322535	215.068913
4668	68.32276341	216.5636954
4702	68.57113095	218.0584778
4636	68.08817812	219.5532602
4672	68.35202996	221.0480426
4783	69.15923655	222.5428249
4813	69.37578828	224.0376073
4836	69.5413546	225.5323897
4731	68.78226516	227.0271721
4695	68.52007005	228.5219545
4741	68.85491994	230.0167369
4767	69.04346457	231.5115193
4664	68.29348432	233.0063017
4604	67.85278181	234.501084
4809	69.34695379	235.9958664
4562	67.54257916	237.4906488
4658	68.24954212	238.9854312
4606	67.867518	240.4802136
4703	68.57842226	241.974996
4634	68.0734897	243.4697784
4700	68.556546	244.9645608
4590	67.74953874	246.4593431
4641	68.12488532	247.9541255
4524	67.26068688	249.4489079
4576	67.6461381	250.9436903
4497	67.05967492	252.4384727
4482	66.94774081	253.9332551
4454	66.73829485	255.4280375
4558	67.51296172	256.9228199
4444	66.66333325	258.4176022
4461	66.79071792	259.9123846
4406	66.3777071	261.407167
4440	66.633325	262.9019494
4445	66.6708332	264.3967318
4404	66.36264009	265.8915142
4388	66.24198065	267.3862966
4475	66.8954408	268.881079
4462	66.79820357	270.3758613
4369	66.09841148	271.8706437
4314	65.68104749	273.3654261
4264	65.29931087	274.8602085
4413	66.43041472	276.3549909
4323	65.74952471	277.8497733
4186	64.69930448	279.3445557
4248	65.17668295	280.8393381
4330	65.80273551	282.3341204
4299	65.56675987	283.8289028
4250	65.19202405	285.3236852
4263	65.29165337	286.8184676
4149	64.41273166	288.31325
4261	65.27633568	289.8080324
4152	64.43601477	291.3028148
4235	65.07687761	292.7975972
4403	66.3551053	294.2923795
4171	64.58327957	295.7871619
4236	65.08456038	297.2819443
4105	64.07027392	298.7767267
4143	64.36614017	300.2715091
4191	64.73793324	301.7662915
4178	64.63745044	303.2610739
4142	64.35837164	304.7558563
4075	63.83572667	306.2506386
4115	64.14826576	307.745421
4121	64.19501538	309.2402034
3963	62.95236294	310.7349858
4026	63.45076832	312.2297682
4107	64.08587988	313.7245506
4060	63.71812929	315.219333
4000	63.2455532	316.7141154
4010	63.3245608	318.2088977
4036	63.5295207	319.7036801
4036	63.5295207	321.1984625
4166	64.54455825	322.6932449
4017	63.37980751	324.1880273
4021	63.41135545	325.6828097
3994	63.19810124	327.1775921
3964	62.96030495	328.6723745
3923	62.63385666	330.1671568
3949	62.84106937	331.6619392
3900	62.44997998	333.1567216
3886	62.3377895	334.651504
4021	63.41135545	336.1462864
3871	62.21736092	337.6410688
3831	61.8950725	339.1358512
3918	62.59392942	340.6306336
3913	62.55397669	342.1254159
3883	62.31372241	343.6201983
3835	61.92737682	345.1149807
3912	62.54598308	346.6097631
3827	61.86275131	348.1045455
3890	62.36986452	349.5993279
3875	62.24949799	351.0941103
3684	60.69596362	352.5888927
3923	62.63385666	354.083675
3841	61.97580173	355.5784574
3853	62.07253821	357.0732398
3799	61.63602842	358.5680222
3844	62	360.0628046
3771	61.40846847	361.557587
3769	61.39218191	363.0523694
3769	61.39218191	364.5471518
3796	61.6116872	366.0419341
3745	61.19640512	367.5367165
3911	62.53798846	369.0314989
3840	61.96773354	370.5262813
3843	61.99193496	372.0210637
3773	61.42475071	373.5158461
3853	62.07253821	375.0106285
3920	62.60990337	376.5054109
3703	60.85228015	378.0001932
3797	61.61980201	379.4949756
3785	61.52235366	380.989758
3769	61.39218191	382.4845404
3764	61.3514466	383.9793228
3674	60.61352984	385.4741052
3717	60.9672043	386.9688876
3764	61.3514466	388.46367
3716	60.95900262	389.9584523
3739	61.14736298	391.4532347
3853	62.07253821	392.9480171
3729	61.06553856	394.4427995
3792	61.57921727	395.9375819
3780	61.4817046	397.4323643
3665	60.53924347	398.9271467
3795	61.60357133	400.4219291
3713	60.93439095	401.9167114
3690	60.74537019	403.4114938
3762	61.3351449	404.9062762
3711	60.91797764	406.4010586
3577	59.80802622	407.895841
3718	60.97540488	409.3906234
3738	61.13918547	410.8854058
3756	61.28621378	412.3801882
3676	60.63002556	413.8749705
3605	60.04165221	415.3697529
3698	60.81118318	416.8645353
3709	60.90155991	418.3593177
3595	59.95831886	419.8541001
3681	60.67124525	421.3488825
3684	60.69596362	422.8436649
3651	60.42350536	424.3384473
3629	60.24118193	425.8332296
3658	60.4814021	427.328012
3643	60.35726965	428.8227944
3637	60.30754513	430.3175768
3640	60.33241252	431.8123592
3654	60.44832504	433.3071416
3768	61.38403701	434.801924
3653	60.44005295	436.2967064
3722	61.00819617	437.7914887
3698	60.81118318	439.2862711
3556	59.63220606	440.7810535
3625	60.20797289	442.2758359
3746	61.20457499	443.7706183
3586	59.88321969	445.2654007
3682	60.67948583	446.7601831
3654	60.44832504	448.2549655
3646	60.38211656	449.7497478
3693	60.77005842	451.2445302
3521	59.3380148	452.7393126
3647	60.39039659	454.234095
3635	60.29096118	455.7288774
3623	60.19136151	457.2236598
3600	60	458.7184422
3650	60.41522987	460.2132246
3603	60.02499479	461.7080069
3616	60.13318551	463.2027893
3538	59.48108943	464.6975717
3689	60.73713856	466.1923541
3568	59.73273809	467.6871365
3686	60.71243695	469.1819189
3572	59.76621119	470.6767013
3535	59.45586598	472.1714837
3593	59.94163828	473.666266
3556	59.63220606	475.1610484
3637	60.30754513	476.6558308
3586	59.88321969	478.1506132
3650	60.41522987	479.6453956
3577	59.80802622	481.140178
3573	59.77457654	482.6349604
3637	60.30754513	484.1297428
3714	60.94259594	485.6245251
3624	60.19966777	487.1193075
3530	59.41380311	488.6140899
3613	60.10823571	490.1088723
3521	59.3380148	491.6036547
3578	59.81638571	493.0984371
3569	59.74110812	494.5932195
3578	59.81638571	496.0880019
3547	59.55669568	497.5827842
3582	59.84981203	499.0775666
3597	59.97499479	500.572349
3630	60.24948133	502.0671314
3701	60.8358447	503.5619138
3486	59.04235768	505.0566962
3635	60.29096118	506.5514786
3529	59.40538696	508.046261
3627	60.2245797	509.5410433
3580	59.83310121	511.0358257
3616	60.13318551	512.5306081
3519	59.3211598	514.0253905
3588	59.89991653	515.5201729
3617	60.14149982	517.0149553
3693	60.77005842	518.5097377
3539	59.48949487	520.0045201
3642	60.34898508	521.4993024
3590	59.91660872	522.9940848
3545	59.53990259	524.4888672
3631	60.25777958	525.9836496
3537	59.4726828	527.478432
3504	59.19459435	528.9732144
3555	59.62382074	530.4679968
3546	59.54829972	531.9627792
3640	60.33241252	533.4575615
3589	59.9082632	534.9523439
3640	60.33241252	536.4471263
3669	60.57227088	537.9419087
3531	59.42221807	539.4366911
3606	60.04997918	540.9314735
3601	60.00833275	542.4262559
3641	60.34069937	543.9210383
3576	59.79966555	545.4158206
3633	60.27437266	546.910603
3591	59.92495307	548.4053854
3601	60.00833275	549.9001678
3709	60.90155991	551.3949502
3630	60.24948133	552.8897326
3481	59	554.384515
3500	59.16079783	555.8792974
3657	60.47313453	557.3740797
3545	59.53990259	558.8688621
3519	59.3211598	560.3636445
3581	59.8414572	561.8584269
3494	59.11006682	563.3532093
3648	60.39867548	564.8479917
3575	59.79130372	566.3427741
3569	59.74110812	567.8375565
3484	59.02541825	569.3323388
3579	59.82474404	570.8271212
3569	59.74110812	572.3219036
3546	59.54829972	573.816686
3639	60.32412453	575.3114684
3552	59.5986577	576.8062508
3590	59.91660872	578.3010332
3571	59.75784467	579.7958156
3629	60.24118193	581.2905979
3612	60.09991681	582.7853803
3631	60.25777958	584.2801627
3642	60.34898508	585.7749451
3540	59.49789912	587.2697275
3601	60.00833275	588.7645099
3721	61	590.2592923
3589	59.9082632	591.7540747
3504	59.19459435	593.248857
3732	61.0900974	594.7436394
3535	59.45586598	596.2384218
3548	59.56509045	597.7332042
3647	60.39039659	599.2279866
3575	59.79130372	600.722769
3549	59.57348403	602.2175514
3628	60.23288139	603.7123338
3604	60.03332408	605.2071161
3659	60.48966854	606.7018985
3608	60.06662967	608.1966809
3642	60.34898508	609.6914633
3508	59.22837158	611.1862457
3560	59.66573556	612.6810281
3689	60.73713856	614.1758105
3574	59.78294071	615.6705929
3601	60.00833275	617.1653752
3588	59.89991653	618.6601576
3523	59.35486501	620.15494
3687	60.72067193	621.6497224
3509	59.23681288	623.1445048
3581	59.8414572	624.6392872
3568	59.73273809	626.1340696
3522	59.3464405	627.628852
3624	60.19966777	629.1236343
3578	59.81638571	630.6184167
3639	60.32412453	632.1131991
3583	59.85816569	633.6079815
3751	61.24540799	635.1027639
3577	59.80802622	636.5975463
3495	59.11852502	638.0923287
3620	60.16643583	639.5871111
3541	59.50630219	641.0818934
3670	60.58052492	642.5766758
3729	61.06553856	644.0714582
3611	60.09159675	645.5662406
3649	60.40695324	647.061023
3633	60.27437266	648.5558054
3680	60.66300355	650.0505878
3525	59.37171044	651.5453702
3631	60.25777958	653.0401525
3661	60.50619803	654.5349349
3643	60.35726965	656.0297173
3688	60.7289058	657.5244997
3652	60.43177972	659.0192821
3720	60.99180273	660.5140645
3654	60.44832504	662.0088469
3700	60.8276253	663.5036293
3649	60.40695324	664.9984116
3718	60.97540488	666.493194
3722	61.00819617	667.9879764
3648	60.39867548	669.4827588
3734	61.10646447	670.9775412
3667	60.55575943	672.4723236
3678	60.6465168	673.967106
3696	60.79473661	675.4618884
3597	59.97499479	676.9566707
3579	59.82474404	678.4514531
3616	60.13318551	679.9462355
3625	60.20797289	681.4410179
3731	61.08191222	682.9358003
3686	60.71243695	684.4305827
3631	60.25777958	685.9253651
3607	60.058305	687.4201475
3697	60.80296045	688.9149298
3612	60.09991681	690.4097122
3633	60.27437266	691.9044946
3661	60.50619803	693.399277
3691	60.75360072	694.8940594
3758	61.3025285	696.3888418
3827	61.86275131	697.8836242
3729	61.06553856	699.3784066
3691	60.75360072	700.8731889
3757	61.29437168	702.3679713
3747	61.21274377	703.8627537
3718	60.97540488	705.3575361
3775	61.44102864	706.8523185
3841	61.97580173	708.3471009
3688	60.7289058	709.8418833
3722	61.00819617	711.3366657
3855	62.08864631	712.831448
3664	60.5309838	714.3262304
3762	61.3351449	715.8210128
3814	61.75759063	717.3157952
3779	61.47357156	718.8105776
3787	61.53860577	720.30536
3783	61.50609726	721.8001424
3743	61.18006211	723.2949248
3725	61.03277808	724.7897071
3773	61.42475071	726.2844895
3679	60.65476074	727.7792719
3724	61.02458521	729.2740543
3685	60.70420084	730.7688367
3730	61.07372594	732.2636191
3755	61.2780548	733.7584015
3795	61.60357133	735.2531839
3745	61.19640512	736.7479662
3827	61.86275131	738.2427486
3844	62	739.737531
3833	61.91122677	741.2323134
3780	61.4817046	742.7270958
3820	61.80614856	744.2218782
3882	62.30569797	745.7166606
3904	62.48199741	747.211443
3842	61.98386887	748.7062253
3882	62.30569797	750.2010077
3831	61.8950725	751.6957901
3879	62.28161848	753.1905725
3978	63.07138812	754.6853549
4024	63.43500611	756.1801373
3894	62.40192305	757.6749197
3945	62.80923499	759.1697021
3928	62.67375846	760.6644844
3936	62.73754857	762.1592668
3914	62.56196928	763.6540492
3935	62.72957835	765.1488316
4020	63.40346994	766.643614
4024	63.43500611	768.1383964
3901	62.45798588	769.6331788
3908	62.51399843	771.1279612
3904	62.48199741	772.6227435
3996	63.21392252	774.1175259
3887	62.3458098	775.6123083
3983	63.1110133	777.1070907
3882	62.30569797	778.6018731
4055	63.6788819	780.0966555
4006	63.29296959	781.5914379
3926	62.65780079	783.0862203
3987	63.14269554	784.5810026
4083	63.89835679	786.075785
3957	62.90468981	787.5705674
4027	63.45864795	789.0653498
3981	63.09516622	790.5601322
4061	63.72597587	792.0549146
4103	64.05466415	793.549697
4063	63.74166612	795.0444794
3999	63.23764702	796.5392617
4232	65.05382387	798.0340441
4035	63.52164985	799.5288265
4103	64.05466415	801.0236089
4176	64.62197769	802.5183913
4081	63.88270501	804.0131737
4161	64.50581369	805.5079561
4197	64.78425735	807.0027385
4041	63.5688603	808.4975208
4079	63.86704941	809.9923032
4051	63.64746656	811.4870856
4124	64.21837743	812.981868
4275	65.38348415	814.4766504
4194	64.76109943	815.9714328
4178	64.63745044	817.4662152
4198	64.79197481	818.9609976
4179	64.64518544	820.4557799
4178	64.63745044	821.9505623
4318	65.71149062	823.4453447
4256	65.23802572	824.9401271
4257	65.24568951	826.4349095
4246	65.16133823	827.9296919
4141	64.35060217	829.4244743
4231	65.04613747	830.9192567
4238	65.0999232	832.414039
4318	65.71149062	833.9088214
4192	64.74565622	835.4036038
4246	65.16133823	836.8983862
4289	65.49045732	838.3931686
4390	66.25707509	839.887951
4317	65.70388116	841.3827334
4326	65.77233461	842.8775158
4349	65.94694838	844.3722981
4301	65.58200973	845.8670805
4342	65.89385404	847.3618629
4347	65.93178293	848.8566453
4349	65.94694838	850.3514277
4347	65.93178293	851.8462101
4401	66.34003316	853.3409925
4423	66.50563886	854.8357749
4444	66.66333325	856.3305572
4358	66.01514978	857.8253396
4469	66.85057965	859.320122
4418	66.46803743	860.8149044
4353	65.97726881	862.3096868
4582	67.690472	863.8044692
4476	66.90291473	865.2992516
4443	66.65583245	866.794034
4432	66.57326791	868.2888163
4366	66.07571415	869.7835987
4515	67.19374971	871.2783811
4417	66.46051459	872.7731635
4460	66.78323143	874.2679459
4478	66.9178601	875.7627283
4608	67.88225099	877.2575107
4517	67.2086304	878.7522931
4548	67.4388612	880.2470754
4504	67.11184694	881.7418578
4571	67.60917098	883.2366402
4548	67.4388612	884.7314226
4489	67	886.226205
4596	67.79380503	887.7209874
4571	67.60917098	889.2157698
4665	68.30080527	890.7105522
4607	67.8748849	892.2053345
4610	67.89698079	893.7001169
4627	68.02205525	895.1948993
4545	67.41661516	896.6896817
4679	68.4032163	898.1844641
4544	67.40919819	899.6792465
4557	67.50555533	901.1740289
4550	67.45368782	902.6688113
4576	67.6461381	904.1635936
4638	68.10286338	905.658376
4700	68.556546	907.1531584
4642	68.13222439	908.6479408
4617	67.94850992	910.1427232
4633	68.0661443	911.6375056
4740	68.84765791	913.132288
4636	68.08817812	914.6270704
4656	68.23488844	916.1218527
4603	67.84541252	917.6166351
4695	68.52007005	919.1114175
4613	67.91906949	920.6061999
4609	67.88961629	922.1009823
4640	68.11754546	923.5957647
4680	68.41052551	925.0905471
4561	67.53517602	926.5853295
4680	68.41052551	928.0801118
4704	68.5857128	929.5748942
4744	68.87670143	931.0696766
4548	67.4388612	932.564459
4538	67.36467917	934.0592414
4671	68.3447145	935.5540238
4617	67.94850992	937.0488062
4579	67.66830868	938.5435886
4565	67.56478373	940.0383709
4482	66.94774081	941.5331533
4567	67.57958272	943.0279357
4476	66.90291473	944.5227181
4425	66.52067348	946.0175005
4514	67.18630813	947.5122829
4631	68.05145112	949.0070653
4580	67.67569726	950.5018477
4513	67.17886572	951.99663
4395	66.29479618	953.4914124
4493	67.0298441	954.9861948
4463	66.80568838	956.4809772
4460	66.78323143	957.9757596
4312	65.66582064	959.470542
4364	66.06057826	960.9653244
4328	65.78753681	962.4601068
4292	65.51335742	963.9548891
4237	65.09224224	965.4496715
4297	65.55150647	966.9444539
4209	64.87680633	968.4392363
4175	64.61423992	969.9340187
4032	63.49803147	971.4288011
4067	63.77303505	972.9235835
4002	63.26136262	974.4183659
4001	63.2534584	975.9131482
4071	63.80438856	977.4079306
4165	64.5368112	978.902713
4008	63.30876717	980.3974954
3956	62.89674077	981.8922778
3743	61.18006211	983.3870602
3965	62.96824597	984.8818426
3823	61.83041323	986.376625
3727	61.04916052	987.8714073
3733	61.09828148	989.3661897
3847	62.02418883	990.8609721
3704	60.86049622	992.3557545
3720	60.99180273	993.8505369
3669	60.57227088	995.3453193
3772	61.41661013	996.8401017
3710	60.90976933	998.3348841
3705	60.86871117	999.8296664
3605	60.04165221	1001.324449
3785	61.52235366	1002.819231
3584	59.86651819	1004.314014
3671	60.58877784	1005.808796
3752	61.25357132	1007.303578
3693	60.77005842	1008.798361
3691	60.75360072	1010.293143
3676	60.63002556	1011.787926
3478	58.97457079	1013.282708
3628	60.23288139	1014.77749
3727	61.04916052	1016.272273
3708	60.89334939	1017.767055
3621	60.17474553	1019.261837
3594	59.94997915	1020.75662
3533	59.43904441	1022.251402
3710	60.90976933	1023.746185
3663	60.52272301	1025.240967
3713	60.93439095	1026.735749
3589	59.9082632	1028.230532
3588	59.89991653	1029.725314
3649	60.40695324	1031.220097
3678	60.6465168	1032.714879
3705	60.86871117	1034.209661
3718	60.97540488	1035.704444
3559	59.65735495	1037.199226
3597	59.97499479	1038.694009
3655	60.456596	1040.188791
3573	59.77457654	1041.683573
3578	59.81638571	1043.178356
3603	60.02499479	1044.673138
3623	60.19136151	1046.16792
3531	59.42221807	1047.662703
3515	59.28743543	1049.157485
3528	59.39696962	1050.652268
3577	59.80802622	1052.14705
3573	59.77457654	1053.641832
3556	59.63220606	1055.136615
3598	59.98333102	1056.631397
3598	59.98333102	1058.12618
3530	59.41380311	1059.620962
3636	60.29925373	1061.115744
3705	60.86871117	1062.610527
3518	59.31273051	1064.105309
3589	59.9082632	1065.600091
3746	61.20457499	1067.094874
3686	60.71243695	1068.589656
3762	61.3351449	1070.084439
3646	60.38211656	1071.579221
3651	60.42350536	1073.074003
3802	61.66036004	1074.568786
3716	60.95900262	1076.063568
3731	61.08191222	1077.558351
3757	61.29437168	1079.053133
3797	61.61980201	1080.547915
3763	61.34329629	1082.042698
3713	60.93439095	1083.53748
3812	61.74139616	1085.032263
3829	61.87891402	1086.527045
3819	61.79805822	1088.021827
3821	61.81423784	1089.51661
3922	62.62587325	1091.011392
3827	61.86275131	1092.506174
3817	61.78187436	1094.000957
3809	61.7170965	1095.495739
3961	62.93647591	1096.990522
3872	62.22539674	1098.485304
3968	62.99206299	1099.980086
3863	62.15303693	1101.474869
3919	62.6019169	1102.969651
3943	62.79331175	1104.464434
3910	62.5299928	1105.959216
3955	62.88879073	1107.453998
3902	62.46599075	1108.948781
3913	62.55397669	1110.443563
3899	62.44197306	1111.938346
3947	62.8251542	1113.433128
3952	62.86493458	1114.92791
3975	63.04760106	1116.422693
4019	63.39558344	1117.917475
3927	62.66578014	1119.412257
4018	63.38769597	1120.90704
3940	62.76941931	1122.401822
3901	62.45798588	1123.896605
3906	62.49799997	1125.391387
3939	62.76145314	1126.886169
4016	63.37191807	1128.380952
3913	62.55397669	1129.875734
3965	62.96824597	1131.370517
3957	62.90468981	1132.865299
3983	63.1110133	1134.360081
3961	62.93647591	1135.854864
3906	62.49799997	1137.349646
3967	62.98412498	1138.844428
4113	64.13267498	1140.339211
4079	63.86704941	1141.833993
4031	63.49015672	1143.328776
4050	63.63961031	1144.823558
4186	64.69930448	1146.31834
4134	64.29618962	1147.813123
4350	65.95452979	1149.307905
4273	65.36818798	1150.802688
4246	65.16133823	1152.29747
4533	67.32755751	1153.792252
4533	67.32755751	1155.287035
4640	68.11754546	1156.781817
4772	69.07966416	1158.2766
4950	70.3562364	1159.771382
5162	71.84705979	1161.266164
5348	73.1300212	1162.760947
5649	75.1598297	1164.255729
5980	77.33045972	1165.750511
6212	78.81624198	1167.245294
6213	78.8225856	1168.740076
6404	80.02499609	1170.234859
6635	81.45550933	1171.729641
6707	81.89627586	1173.224423
6837	82.68615362	1174.719206
6657	81.59044062	1176.213988
6456	80.34923771	1177.708771
6478	80.48602363	1179.203553
6121	78.23681998	1180.698335
5757	75.87489703	1182.193118
5245	72.42237223	1183.6879
4926	70.18546858	1185.182682
4371	66.1135387	1186.677465
4010	63.3245608	1188.172247
3510	59.24525297	1189.66703
3206	56.62155067	1191.161812
2784	52.76362383	1192.656594
2523	50.22947342	1194.151377
2344	48.41487375	1195.646159
2015	44.88875137	1197.140942
1843	42.93017587	1198.635724
1730	41.59326869	1200.130506
1720	41.47288271	1201.625289
1580	39.74921383	1203.120071
1556	39.44616585	1204.614854
1545	39.30648801	1206.109636
1532	39.14077158	1207.604418
1545	39.30648801	1209.099201
1379	37.13488926	1210.593983
1454	38.13135193	1212.088765
1439	37.93415348	1213.583548
1533	39.1535439	1215.07833
1402	37.44329045	1216.573113
1472	38.36665219	1218.067895
1481	38.48376281	1219.562677
1481	38.48376281	1221.05746
1512	38.88444419	1222.552242
1521	39	1224.047025
1488	38.57460304	1225.541807
1503	38.76854395	1227.036589
1532	39.14077158	1228.531372
1463	38.249183	1230.026154
1528	39.08964057	1231.520937
1549	39.35733731	1233.015719
1501	38.74274126	1234.510501
1545	39.30648801	1236.005284
1522	39.01281841	1237.500066
1585	39.81205847	1238.994848
1533	39.1535439	1240.489631
1558	39.47150871	1241.984413
1536	39.19183588	1243.479196
1556	39.44616585	1244.973978
1624	40.29888336	1246.46876
1642	40.52159918	1247.963543
1644	40.54626987	1249.458325
1700	41.23105626	1250.953108
1642	40.52159918	1252.44789
1584	39.79949748	1253.942672
1676	40.93897898	1255.437455
1732	41.61730409	1256.932237
1699	41.21892769	1258.427019
1796	42.3792402	1259.921802
1708	41.32795664	1261.416584
1776	42.14261501	1262.911367
1846	42.96510212	1264.406149
1854	43.05810028	1265.900931
1869	43.23193264	1267.395714
1837	42.86023798	1268.890496
1829	42.76680956	1270.385279
1881	43.37049688	1271.880061
1884	43.40506883	1273.374843
1891	43.48562981	1274.869626
1889	43.46262762	1276.364408
1975	44.44097209	1277.859191
1994	44.65422712	1279.353973
1867	43.2087954	1280.848755
1987	44.57577818	1282.343538
2010	44.83302354	1283.83832
2106	45.89117562	1285.333102
2081	45.61797891	1286.827885
2095	45.77116997	1288.322667
2137	46.22769733	1289.81745
2145	46.31414471	1291.312232
2118	46.021734	1292.807014
2126	46.10856753	1294.301797
2115	45.98912915	1295.796579
2206	46.96807426	1297.291362
2251	47.44470466	1298.786144
2299	47.94788838	1300.280926
2374	48.72371086	1301.775709
2394	48.92851929	1303.270491
2426	49.25444142	1304.765273
2454	49.53786431	1306.260056
2450	49.49747468	1307.754838
2495	49.94997497	1309.249621
2648	51.45872132	1310.744403
2704	52	1312.239185
2712	52.07686627	1313.733968
2789	52.81098371	1315.22875
2953	54.34151268	1316.723533
3026	55.00909016	1318.218315
3197	56.54201977	1319.713097
3305	57.48912941	1321.20788
3428	58.54912467	1322.702662
3725	61.03277808	1324.197445
3931	62.69768736	1325.692227
3954	62.88083969	1327.187009
4379	66.17401303	1328.681792
4512	67.17142249	1330.176574
4553	67.47592163	1331.671356
4697	68.53466276	1333.166139
4659	68.25686779	1334.660921
4610	67.89698079	1336.155704
4338	65.8634952	1337.650486
4257	65.24568951	1339.145268
3967	62.98412498	1340.640051
3694	60.7782856	1342.134833
3304	57.48043145	1343.629616
3127	55.91958512	1345.124398
2743	52.3736575	1346.61918
2397	48.95916666	1348.113963
2031	45.06661736	1349.608745
1714	41.40048309	1351.103528
1505	38.79432948	1352.59831
1226	35.0142828	1354.093092
1083	32.90896534	1355.587875
950	30.82207001	1357.082657
769	27.73084925	1358.577439
766	27.67670501	1360.072222
622	24.93992783	1361.567004
584	24.16609195	1363.061787
518	22.75961335	1364.556569
489	22.11334439	1366.051351
482	21.9544984	1367.546134
495	22.24859546	1369.040916
456	21.3541565	1370.535699
450	21.21320344	1372.030481
435	20.85665361	1373.525263
460	21.44761059	1375.020046
420	20.49390153	1376.514828
467	21.61018278	1378.00961
429	20.71231518	1379.504393
427	20.66397832	1380.999175
405	20.1246118	1382.493958
408	20.19900988	1383.98874
417	20.42057786	1385.483522
429	20.71231518	1386.978305
433	20.80865205	1388.473087
424	20.59126028	1389.96787
415	20.37154879	1391.462652
452	21.26029163	1392.957434
423	20.5669638	1394.452217
390	19.74841766	1395.946999
391	19.77371993	1397.441782
411	20.27313493	1398.936564
417	20.42057786	1400.431346
397	19.92485885	1401.926129
398	19.94993734	1403.420911
401	20.02498439	1404.915693
447	21.14237451	1406.410476
441	21	1407.905258
389	19.72308292	1409.400041
365	19.10497317	1410.894823
384	19.59591794	1412.389605
423	20.5669638	1413.884388
415	20.37154879	1415.37917
401	20.02498439	1416.873953
393	19.8242276	1418.368735
401	20.02498439	1419.863517
381	19.5192213	1421.3583
434	20.83266666	1422.853082
418	20.4450483	1424.347864
390	19.74841766	1425.842647
407	20.174241	1427.337429
399	19.97498436	1428.832212
400	20	1430.326994
400	20	1431.821776
378	19.4422221	1433.316559
403	20.0748599	1434.811341
384	19.59591794	1436.306124
383	19.57038579	1437.800906
337	18.35755975	1439.295688
400	20	1440.790471
398	19.94993734	1442.285253
386	19.6468827	1443.780036
355	18.84144368	1445.274818
394	19.84943324	1446.7696
371	19.26136028	1448.264383
385	19.62141687	1449.759165
348	18.65475811	1451.253947
358	18.92088793	1452.74873
371	19.26136028	1454.243512
385	19.62141687	1455.738295
355	18.84144368	1457.233077
363	19.05255888	1458.727859
386	19.6468827	1460.222642
305	17.4642492	1461.717424
375	19.36491673	1463.212207
391	19.77371993	1464.706989
365	19.10497317	1466.201771
359	18.94729532	1467.696554
403	20.0748599	1469.191336
391	19.77371993	1470.686119
338	18.38477631	1472.180901
391	19.77371993	1473.675683
355	18.84144368	1475.170466
349	18.68154169	1476.665248
375	19.36491673	1478.16003
389	19.72308292	1479.654813
334	18.27566688	1481.149595
372	19.28730152	1482.644378
379	19.46792233	1484.13916
379	19.46792233	1485.633942
349	18.68154169	1487.128725
390	19.74841766	1488.623507
337	18.35755975	1490.11829
350	18.70828693	1491.613072
351	18.734994	1493.107854
317	17.80449381	1494.602637
340	18.43908891	1496.097419
313	17.69180601	1497.592201
378	19.4422221	1499.086984
348	18.65475811	1500.581766
328	18.11077028	1502.076549
343	18.52025918	1503.571331
325	18.02775638	1505.066113
348	18.65475811	1506.560896
389	19.72308292	1508.055678
336	18.33030278	1509.550461
350	18.70828693	1511.045243
348	18.65475811	1512.540025
377	19.41648784	1514.034808
334	18.27566688	1515.52959
327	18.08314132	1517.024373
296	17.20465053	1518.519155
370	19.23538406	1520.013937
363	19.05255888	1521.50872
322	17.94435844	1523.003502
362	19.02629759	1524.498284
317	17.80449381	1525.993067
353	18.78829423	1527.487849
313	17.69180601	1528.982632
329	18.13835715	1530.477414
338	18.38477631	1531.972196
357	18.89444363	1533.466979
318	17.8325545	1534.961761
354	18.81488772	1536.456544
337	18.35755975	1537.951326
300	17.32050808	1539.446108
351	18.734994	1540.940891
314	17.72004515	1542.435673
311	17.63519209	1543.930456
318	17.8325545	1545.425238
319	17.8605711	1546.92002
314	17.72004515	1548.414803
336	18.33030278	1549.909585
325	18.02775638	1551.404367
345	18.57417562	1552.89915
323	17.97220076	1554.393932
331	18.1934054	1555.888715
342	18.49324201	1557.383497
313	17.69180601	1558.878279
338	18.38477631	1560.373062
317	17.80449381	1561.867844
291	17.05872211	1563.362627
302	17.3781472	1564.857409
336	18.33030278	1566.352191
302	17.3781472	1567.846974
309	17.57839583	1569.341756
305	17.4642492	1570.836538
321	17.91647287	1572.331321
320	17.88854382	1573.826103
350	18.70828693	1575.320886
304	17.43559577	1576.815668
298	17.2626765	1578.31045
314	17.72004515	1579.805233
338	18.38477631	1581.300015
320	17.88854382	1582.794798
309	17.57839583	1584.28958
295	17.17556404	1585.784362
314	17.72004515	1587.279145
319	17.8605711	1588.773927
331	18.1934054	1590.26871
295	17.17556404	1591.763492
285	16.88194302	1593.258274
322	17.94435844	1594.753057
289	17	1596.247839
298	17.2626765	1597.742621
270	16.43167673	1599.237404
320	17.88854382	1600.732186
305	17.4642492	1602.226969
301	17.34935157	1603.721751
335	18.30300522	1605.216533
297	17.23368794	1606.711316
329	18.13835715	1608.206098
339	18.41195264	1609.700881
331	18.1934054	1611.195663
264	16.24807681	1612.690445
284	16.85229955	1614.185228
278	16.673332	1615.68001
288	16.97056275	1617.174792
295	17.17556404	1618.669575
300	17.32050808	1620.164357
284	16.85229955	1621.65914
322	17.94435844	1623.153922
297	17.23368794	1624.648704
275	16.58312395	1626.143487
285	16.88194302	1627.638269
327	18.08314132	1629.133052
267	16.34013464	1630.627834
330	18.16590212	1632.122616
314	17.72004515	1633.617399
271	16.46207763	1635.112181
294	17.1464282	1636.606964
286	16.91153453	1638.101746
263	16.21727474	1639.596528
293	17.11724277	1641.091311
277	16.64331698	1642.586093
280	16.73320053	1644.080875
299	17.29161647	1645.575658
270	16.43167673	1647.07044
295	17.17556404	1648.565223
261	16.15549442	1650.060005
275	16.58312395	1651.554787
266	16.30950643	1653.04957
273	16.52271164	1654.544352
286	16.91153453	1656.039135
293	17.11724277	1657.533917
268	16.37070554	1659.028699
293	17.11724277	1660.523482
281	16.76305461	1662.018264
282	16.79285562	1663.513047
289	17	1665.007829
255	15.96871942	1666.502611
300	17.32050808	1667.997394
297	17.23368794	1669.492176
261	16.15549442	1670.986958
285	16.88194302	1672.481741
266	16.30950643	1673.976523
294	17.1464282	1675.471306
260	16.1245155	1676.966088
272	16.4924225	1678.46087
266	16.30950643	1679.955653
270	16.43167673	1681.450435
267	16.34013464	1682.945218
276	16.61324773	1684.44
294	17.1464282	1685.934782
252	15.87450787	1687.429565
267	16.34013464	1688.924347
266	16.30950643	1690.419129
260	16.1245155	1691.913912
256	16	1693.408694
283	16.82260384	1694.903477
275	16.58312395	1696.398259
296	17.20465053	1697.893041
245	15.65247584	1699.387824
250	15.8113883	1700.882606
258	16.0623784	1702.377389
260	16.1245155	1703.872171
276	16.61324773	1705.366953
296	17.20465053	1706.861736
275	16.58312395	1708.356518
245	15.65247584	1709.851301
268	16.37070554	1711.346083
279	16.70329309	1712.840865
244	15.62049935	1714.335648
244	15.62049935	1715.83043
274	16.55294536	1717.325212
252	15.87450787	1718.819995
250	15.8113883	1720.314777
261	16.15549442	1721.80956
261	16.15549442	1723.304342
280	16.73320053	1724.799124
242	15.55634919	1726.293907
275	16.58312395	1727.788689
263	16.21727474	1729.283472
267	16.34013464	1730.778254
291	17.05872211	1732.273036
229	15.13274595	1733.767819
236	15.3622915	1735.262601
259	16.09347694	1736.757383
289	17	1738.252166
246	15.68438714	1739.746948
239	15.45962483	1741.241731
251	15.84297952	1742.736513
240	15.49193338	1744.231295
238	15.42724862	1745.726078
223	14.93318452	1747.22086
243	15.58845727	1748.715643
261	16.15549442	1750.210425
223	14.93318452	1751.705207
251	15.84297952	1753.19999
249	15.77973384	1754.694772
245	15.65247584	1756.189555
238	15.42724862	1757.684337
238	15.42724862	1759.179119
251	15.84297952	1760.673902
239	15.45962483	1762.168684
249	15.77973384	1763.663466
226	15.03329638	1765.158249
228	15.09966887	1766.653031
222	14.89966443	1768.147814
233	15.26433752	1769.642596
231	15.19868415	1771.137378
261	16.15549442	1772.632161
239	15.45962483	1774.126943
232	15.23154621	1775.621726
247	15.71623365	1777.116508
261	16.15549442	1778.61129
245	15.65247584	1780.106073
260	16.1245155	1781.600855
235	15.32970972	1783.095638
249	15.77973384	1784.59042
245	15.65247584	1786.085202
261	16.15549442	1787.579985
225	15	1789.074767
240	15.49193338	1790.569549
233	15.26433752	1792.064332
221	14.86606875	1793.559114
242	15.55634919	1795.053897
233	15.26433752	1796.548679
243	15.58845727	1798.043461
228	15.09966887	1799.538244
230	15.16575089	1801.033026
251	15.84297952	1802.527809
229	15.13274595	1804.022591
228	15.09966887	1805.517373
272	16.4924225	1807.012156
237	15.39480432	1808.506938
237	15.39480432	1810.00172
233	15.26433752	1811.496503
213	14.59451952	1812.991285
243	15.58845727	1814.486068
240	15.49193338	1815.98085
225	15	1817.475632
243	15.58845727	1818.970415
212	14.56021978	1820.465197
238	15.42724862	1821.95998
207	14.38749457	1823.454762
242	15.55634919	1824.949544
236	15.3622915	1826.444327
257	16.03121954	1827.939109
215	14.6628783	1829.433892
199	14.10673598	1830.928674
232	15.23154621	1832.423456
219	14.79864859	1833.918239
224	14.96662955	1835.413021
216	14.69693846	1836.907803
219	14.79864859	1838.402586
216	14.69693846	1839.897368
220	14.83239697	1841.392151
200	14.14213562	1842.886933
185	13.60147051	1844.381715
218	14.76482306	1845.876498
204	14.28285686	1847.37128
228	15.09966887	1848.866063
188	13.7113092	1850.360845
199	14.10673598	1851.855627
228	15.09966887	1853.35041
215	14.6628783	1854.845192
188	13.7113092	1856.339974
186	13.6381817	1857.834757
197	14.03566885	1859.329539
224	14.96662955	1860.824322
215	14.6628783	1862.319104
213	14.59451952	1863.813886
215	14.6628783	1865.308669
207	14.38749457	1866.803451
194	13.92838828	1868.298234
233	15.26433752	1869.793016
208	14.4222051	1871.287798
207	14.38749457	1872.782581
231	15.19868415	1874.277363
219	14.79864859	1875.772146
196	14	1877.266928
204	14.28285686	1878.76171
207	14.38749457	1880.256493
179	13.37908816	1881.751275
215	14.6628783	1883.246057
213	14.59451952	1884.74084
209	14.45683229	1886.235622
203	14.24780685	1887.730405
197	14.03566885	1889.225187
171	13.07669683	1890.719969
191	13.82027496	1892.214752
193	13.89244399	1893.709534
198	14.07124728	1895.204317
192	13.85640646	1896.699099
214	14.62873884	1898.193881
186	13.6381817	1899.688664
207	14.38749457	1901.183446
201	14.17744688	1902.678229
191	13.82027496	1904.173011
183	13.52774926	1905.667793
204	14.28285686	1907.162576
180	13.41640786	1908.657358
190	13.78404875	1910.15214
224	14.96662955	1911.646923
194	13.92838828	1913.141705
196	14	1914.636488
178	13.34166406	1916.13127
195	13.96424004	1917.626052
185	13.60147051	1919.120835
199	14.10673598	1920.615617
187	13.67479433	1922.1104
195	13.96424004	1923.605182
200	14.14213562	1925.099964
194	13.92838828	1926.594747
193	13.89244399	1928.089529
165	12.84523258	1929.584311
181	13.45362405	1931.079094
188	13.7113092	1932.573876
194	13.92838828	1934.068659
190	13.78404875	1935.563441
162	12.72792206	1937.058223
182	13.49073756	1938.553006
197	14.03566885	1940.047788
174	13.19090596	1941.542571
195	13.96424004	1943.037353
201	14.17744688	1944.532135
205	14.31782106	1946.026918
198	14.07124728	1947.5217
177	13.3041347	1949.016483
199	14.10673598	1950.511265
211	14.52583905	1952.006047
192	13.85640646	1953.50083
197	14.03566885	1954.995612
186	13.6381817	1956.490394
175	13.22875656	1957.985177
178	13.34166406	1959.479959
187	13.67479433	1960.974742
176	13.26649916	1962.469524
166	12.88409873	1963.964306
181	13.45362405	1965.459089
153	12.36931688	1966.953871
175	13.22875656	1968.448654
182	13.49073756	1969.943436
170	13.03840481	1971.438218
178	13.34166406	1972.933001
190	13.78404875	1974.427783
172	13.11487705	1975.922565
207	14.38749457	1977.417348
169	13	1978.91213
181	13.45362405	1980.406913
184	13.56465997	1981.901695
190	13.78404875	1983.396477
156	12.489996	1984.89126
180	13.41640786	1986.386042
169	13	1987.880825
176	13.26649916	1989.375607
174	13.19090596	1990.870389
160	12.64911064	1992.365172
172	13.11487705	1993.859954
155	12.4498996	1995.354737
170	13.03840481	1996.849519
165	12.84523258	1998.344301
187	13.67479433	1999.839084
168	12.9614814	2001.333866
177	13.3041347	2002.828648
171	13.07669683	2004.323431
150	12.24744871	2005.818213
176	13.26649916	2007.312996
172	13.11487705	2008.807778
161	12.68857754	2010.30256
155	12.4498996	2011.797343
171	13.07669683	2013.292125
157	12.52996409	2014.786908
170	13.03840481	2016.28169
141	11.87434209	2017.776472
151	12.28820573	2019.271255
154	12.40967365	2020.766037
135	11.61895004	2022.26082
186	13.6381817	2023.755602
192	13.85640646	2025.250384
166	12.88409873	2026.745167
177	13.3041347	2028.239949
151	12.28820573	2029.734731
157	12.52996409	2031.229514
164	12.80624847	2032.724296
168	12.9614814	2034.219079
156	12.489996	2035.713861
157	12.52996409	2037.208643
149	12.20655562	2038.703426
155	12.4498996	2040.198208
179	13.37908816	2041.692991
169	13	2043.187773
164	12.80624847	2044.682555
158	12.56980509	2046.177338
136	11.66190379	2047.67212
159	12.60952021	2049.166902
158	12.56980509	2050.661685
149	12.20655562	2052.156467
128	11.3137085	2053.65125
159	12.60952021	2055.146032
161	12.68857754	2056.640814
146	12.08304597	2058.135597
127	11.26942767	2059.630379
161	12.68857754	2061.125162
151	12.28820573	2062.619944
143	11.95826074	2064.114726
155	12.4498996	2065.609509
134	11.5758369	2067.104291
142	11.91637529	2068.599074
165	12.84523258	2070.093856
161	12.68857754	2071.588638
132	11.48912529	2073.083421
128	11.3137085	2074.578203
153	12.36931688	2076.072985
157	12.52996409	2077.567768
146	12.08304597	2079.06255
154	12.40967365	2080.557333
133	11.53256259	2082.052115
132	11.48912529	2083.546897
149	12.20655562	2085.04168
145	12.04159458	2086.536462
141	11.87434209	2088.031245
157	12.52996409	2089.526027
146	12.08304597	2091.020809
112	10.58300524	2092.515592
130	11.40175425	2094.010374
140	11.83215957	2095.505156
141	11.87434209	2096.999939
151	12.28820573	2098.494721
127	11.26942767	2099.989504
115	10.72380529	2101.484286
138	11.74734012	2102.979068
141	11.87434209	2104.473851
166	12.88409873	2105.968633
135	11.61895004	2107.463416
132	11.48912529	2108.958198
158	12.56980509	2110.45298
114	10.67707825	2111.947763
144	12	2113.442545
145	12.04159458	2114.937328
134	11.5758369	2116.43211
148	12.16552506	2117.926892
124	11.13552873	2119.421675
113	10.63014581	2120.916457
107	10.34408043	2122.411239
129	11.35781669	2123.906022
125	11.18033989	2125.400804
139	11.78982612	2126.895587
130	11.40175425	2128.390369
147	12.12435565	2129.885151
142	11.91637529	2131.379934
143	11.95826074	2132.874716
117	10.81665383	2134.369499
119	10.90871211	2135.864281
120	10.95445115	2137.359063
112	10.58300524	2138.853846
121	11	2140.348628
113	10.63014581	2141.843411
99	9.949874371	2143.338193
146	12.08304597	2144.832975
126	11.22497216	2146.327758
117	10.81665383	2147.82254
114	10.67707825	2149.317322
122	11.04536102	2150.812105
118	10.86278049	2152.306887
134	11.5758369	2153.80167
141	11.87434209	2155.296452
118	10.86278049	2156.791234
97	9.848857802	2158.286017
96	9.797958971	2159.780799
119	10.90871211	2161.275582
133	11.53256259	2162.770364
132	11.48912529	2164.265146
130	11.40175425	2165.759929
126	11.22497216	2167.254711
132	11.48912529	2168.749493
135	11.61895004	2170.244276
111	10.53565375	2171.739058
114	10.67707825	2173.233841
115	10.72380529	2174.728623
111	10.53565375	2176.223405
125	11.18033989	2177.718188
132	11.48912529	2179.21297
124	11.13552873	2180.707753
99	9.949874371	2182.202535
105	10.24695077	2183.697317
111	10.53565375	2185.1921
105	10.24695077	2186.686882
109	10.44030651	2188.181665
102	10.09950494	2189.676447
114	10.67707825	2191.171229
102	10.09950494	2192.666012
108	10.39230485	2194.160794
99	9.949874371	2195.655576
110	10.48808848	2197.150359
115	10.72380529	2198.645141
107	10.34408043	2200.139924
103	10.14889157	2201.634706
124	11.13552873	2203.129488
107	10.34408043	2204.624271
121	11	2206.119053
110	10.48808848	2207.613836
112	10.58300524	2209.108618
99	9.949874371	2210.6034
121	11	2212.098183
109	10.44030651	2213.592965
112	10.58300524	2215.087747
127	11.26942767	2216.58253
110	10.48808848	2218.077312
117	10.81665383	2219.572095
103	10.14889157	2221.066877
109	10.44030651	2222.561659
114	10.67707825	2224.056442
101	10.04987562	2225.551224
101	10.04987562	2227.046007
112	10.58300524	2228.540789
111	10.53565375	2230.035571
118	10.86278049	2231.530354
108	10.39230485	2233.025136
88	9.38083152	2234.519919
96	9.797958971	2236.014701
107	10.34408043	2237.509483
108	10.39230485	2239.004266
99	9.949874371	2240.499048
105	10.24695077	2241.99383
111	10.53565375	2243.488613
112	10.58300524	2244.983395
90	9.486832981	2246.478178
104	10.19803903	2247.97296
96	9.797958971	2249.467742
93	9.643650761	2250.962525
107	10.34408043	2252.457307
109	10.44030651	2253.95209
90	9.486832981	2255.446872
99	9.949874371	2256.941654
112	10.58300524	2258.436437
102	10.09950494	2259.931219
94	9.695359715	2261.426002
100	10	2262.920784
111	10.53565375	2264.415566
100	10	2265.910349
87	9.327379053	2267.405131
104	10.19803903	2268.899913
105	10.24695077	2270.394696
102	10.09950494	2271.889478
82	9.055385138	2273.384261
81	9	2274.879043
91	9.539392014	2276.373825
89	9.433981132	2277.868608
94	9.695359715	2279.36339
94	9.695359715	2280.858173
92	9.591663047	2282.352955
102	10.09950494	2283.847737
83	9.110433579	2285.34252
89	9.433981132	2286.837302
83	9.110433579	2288.332084
76	8.717797887	2289.826867
80	8.94427191	2291.321649
85	9.219544457	2292.816432
76	8.717797887	2294.311214
82	9.055385138	2295.805996
87	9.327379053	2297.300779
86	9.273618495	2298.795561
66	8.124038405	2300.290344
74	8.602325267	2301.785126
87	9.327379053	2303.279908
69	8.306623863	2304.774691
53	7.280109889	2306.269473
65	8.062257748	2307.764256
70	8.366600265	2309.259038
63	7.937253933	2310.75382
66	8.124038405	2312.248603
61	7.810249676	2313.743385
57	7.549834435	2315.238167
49	7	2316.73295
64	8	2318.227732
64	8	2319.722515
61	7.810249676	2321.217297
65	8.062257748	2322.712079
62	7.874007874	2324.206862
51	7.141428429	2325.701644
54	7.348469228	2327.196427
47	6.8556546	2328.691209
59	7.681145748	2330.185991
57	7.549834435	2331.680774
56	7.483314774	2333.175556
48	6.92820323	2334.670338
60	7.745966692	2336.165121
48	6.92820323	2337.659903
51	7.141428429	2339.154686
62	7.874007874	2340.649468
50	7.071067812	2342.14425
53	7.280109889	2343.639033
51	7.141428429	2345.133815
45	6.708203932	2346.628598
47	6.8556546	2348.12338
63	7.937253933	2349.618162
50	7.071067812	2351.112945
56	7.483314774	2352.607727
52	7.211102551	2354.10251
46	6.782329983	2355.597292
53	7.280109889	2357.092074
39	6.244997998	2358.586857
46	6.782329983	2360.081639
46	6.782329983	2361.576421
38	6.164414003	2363.071204
42	6.480740698	2364.565986
66	8.124038405	2366.060769
36	6	2367.555551
47	6.8556546	2369.050333
39	6.244997998	2370.545116
59	7.681145748	2372.039898
39	6.244997998	2373.534681
49	7	2375.029463
50	7.071067812	2376.524245
46	6.782329983	2378.019028
30	5.477225575	2379.51381
40	6.32455532	2381.008593
46	6.782329983	2382.503375
44	6.633249581	2383.998157
43	6.557438524	2385.49294
32	5.656854249	2386.987722
54	7.348469228	2388.482504
40	6.32455532	2389.977287
34	5.830951895	2391.472069
42	6.480740698	2392.966852
29	5.385164807	2394.461634
33	5.744562647	2395.956416
36	6	2397.451199
25	5	2398.945981
37	6.08276253	2400.440764
36	6	2401.935546
35	5.916079783	2403.430328
33	5.744562647	2404.925111
32	5.656854249	2406.419893
37	6.08276253	2407.914675
33	5.744562647	2409.409458
29	5.385164807	2410.90424
33	5.744562647	2412.399023
30	5.477225575	2413.893805
31	5.567764363	2415.388587
50	7.071067812	2416.88337
32	5.656854249	2418.378152
39	6.244997998	2419.872935
53	7.280109889	2421.367717
35	5.916079783	2422.862499
30	5.477225575	2424.357282
31	5.567764363	2425.852064
30	5.477225575	2427.346847
29	5.385164807	2428.841629
44	6.633249581	2430.336411
36	6	2431.831194
29	5.385164807	2433.325976
39	6.244997998	2434.820758
37	6.08276253	2436.315541
37	6.08276253	2437.810323
30	5.477225575	2439.305106
25	5	2440.799888
36	6	2442.29467
43	6.557438524	2443.789453
36	6	2445.284235
39	6.244997998	2446.779018
28	5.291502622	2448.2738
29	5.385164807	2449.768582
37	6.08276253	2451.263365
38	6.164414003	2452.758147
41	6.403124237	2454.252929
49	7	2455.747712
37	6.08276253	2457.242494
45	6.708203932	2458.737277
30	5.477225575	2460.232059
37	6.08276253	2461.726841
37	6.08276253	2463.221624
35	5.916079783	2464.716406
40	6.32455532	2466.211189
46	6.782329983	2467.705971
29	5.385164807	2469.200753
48	6.92820323	2470.695536
46	6.782329983	2472.190318
46	6.782329983	2473.685101
48	6.92820323	2475.179883
48	6.92820323	2476.674665
45	6.708203932	2478.169448
37	6.08276253	2479.66423
53	7.280109889	2481.159012
57	7.549834435	2482.653795
57	7.549834435	2484.148577
63	7.937253933	2485.64336
62	7.874007874	2487.138142
49	7	2488.632924
56	7.483314774	2490.127707
67	8.185352772	2491.622489
75	8.660254038	2493.117272
69	8.306623863	2494.612054
82	9.055385138	2496.106836
79	8.888194417	2497.601619
77	8.774964387	2499.096401
81	9	2500.591184
86	9.273618495	2502.085966
86	9.273618495	2503.580748
93	9.643650761	2505.075531
81	9	2506.570313
104	10.19803903	2508.065095
73	8.544003745	2509.559878
75	8.660254038	2511.05466
89	9.433981132	2512.549443
75	8.660254038	2514.044225
57	7.549834435	2515.539007
55	7.416198487	2517.03379
43	6.557438524	2518.528572
55	7.416198487	2520.023355
42	6.480740698	2521.518137
39	6.244997998	2523.012919
34	5.830951895	2524.507702
24	4.898979486	2526.002484
23	4.795831523	2527.497266
34	5.830951895	2528.992049
5	2.236067977	2530.486831
3	1.732050808	2531.981614
15	3.872983346	2533.476396
10	3.16227766	2534.971178
6	2.449489743	2536.465961
4	2	2537.960743
6	2.449489743	2539.455526
6	2.449489743	2540.950308
3	1.732050808	2542.44509
3	1.732050808	2543.939873
5	2.236067977	2545.434655
2	1.414213562	2546.929438
1	1	2548.42422
2	1.414213562	2549.919002
2	1.414213562	2551.413785
2	1.414213562	2552.908567
0	0	2554.403349
3	1.732050808	2555.898132
3	1.732050808	2557.392914
1	1	2558.887697
0	0	2560.382479
3	1.732050808	2561.877261
2	1.414213562	2563.372044
4	2	2564.866826
2	1.414213562	2566.361609
3	1.732050808	2567.856391
4	2	2569.351173
4	2	2570.845956
3	1.732050808	2572.340738
3	1.732050808	2573.83552
1	1	2575.330303
1	1	2576.825085
0	0	2578.319868
1	1	2579.81465
2	1.414213562	2581.309432
3	1.732050808	2582.804215
3	1.732050808	2584.298997
4	2	2585.79378
2	1.414213562	2587.288562
2	1.414213562	2588.783344
3	1.732050808	2590.278127
1	1	2591.772909
2	1.414213562	2593.267692
4	2	2594.762474
5	2.236067977	2596.257256
6	2.449489743	2597.752039
5	2.236067977	2599.246821
1	1	2600.741603
0	0	2602.236386
1	1	2603.731168
3	1.732050808	2605.225951
7	2.645751311	2606.720733
0	0	2608.215515
2	1.414213562	2609.710298
2	1.414213562	2611.20508
1	1	2612.699863
7	2.645751311	2614.194645
4	2	2615.689427
4	2	2617.18421
2	1.414213562	2618.678992
2	1.414213562	2620.173775
1	1	2621.668557
2	1.414213562	2623.163339
1	1	2624.658122
1	1	2626.152904
1	1	2627.647686
1	1	2629.142469
4	2	2630.637251
2	1.414213562	2632.132034
3	1.732050808	2633.626816
5	2.236067977	2635.121598
2	1.414213562	2636.616381
2	1.414213562	2638.111163
0	0	2639.605946
1	1	2641.100728
1	1	2642.59551
2	1.414213562	2644.090293
4	2	2645.585075
1	1	2647.079857
2	1.414213562	2648.57464
1	1	2650.069422
1	1	2651.564205
2	1.414213562	2653.058987
2	1.414213562	2654.553769
3	1.732050808	2656.048552
2	1.414213562	2657.543334
1	1	2659.038117
0	0	2660.532899
1	1	2662.027681
1	1	2663.522464
2	1.414213562	2665.017246
0	0	2666.512029
1	1	2668.006811
2	1.414213562	2669.501593
0	0	2670.996376
3	1.732050808	2672.491158
3	1.732050808	2673.98594
1	1	2675.480723
2	1.414213562	2676.975505
2	1.414213562	2678.470288
3	1.732050808	2679.96507
2	1.414213562	2681.459852
1	1	2682.954635
2	1.414213562	2684.449417
3	1.732050808	2685.9442
1	1	2687.438982
2	1.414213562	2688.933764
2	1.414213562	2690.428547
0	0	2691.923329
0	0	2693.418111
2	1.414213562	2694.912894
1	1	2696.407676
4	2	2697.902459
0	0	2699.397241
1	1	2700.892023
0	0	2702.386806
1	1	2703.881588
0	0	2705.376371
1	1	2706.871153
3	1.732050808	2708.365935
1	1	2709.860718
4	2	2711.3555
3	1.732050808	2712.850283
1	1	2714.345065
0	0	2715.839847
2	1.414213562	2717.33463
1	1	2718.829412
0	0	2720.324194
4	2	2721.818977
3	1.732050808	2723.313759
0	0	2724.808542
2	1.414213562	2726.303324
1	1	2727.798106
5	2.236067977	2729.292889
0	0	2730.787671
2	1.414213562	2732.282454
4	2	2733.777236
0	0	2735.272018
4	2	2736.766801
1	1	2738.261583
0	0	2739.756366
1	1	2741.251148
0	0	2742.74593
0	0	2744.240713
2	1.414213562	2745.735495
1	1	2747.230277
2	1.414213562	2748.72506
1	1	2750.219842
2	1.414213562	2751.714625
0	0	2753.209407
1	1	2754.704189
0	0	2756.198972
1	1	2757.693754
0	0	2759.188537
0	0	2760.683319
2	1.414213562	2762.178101
2	1.414213562	2763.672884
0	0	2765.167666
2	1.414213562	2766.662448
2	1.414213562	2768.157231
1	1	2769.652013
1	1	2771.146796
1	1	2772.641578
4	2	2774.13636
0	0	2775.631143
0	0	2777.125925
2	1.414213562	2778.620708
0	0	2780.11549
2	1.414213562	2781.610272
3	1.732050808	2783.105055
3	1.732050808	2784.599837
0	0	2786.09462
1	1	2787.589402
1	1	2789.084184
0	0	2790.578967
0	0	2792.073749
2	1.414213562	2793.568531
2	1.414213562	2795.063314
2	1.414213562	2796.558096
0	0	2798.052879
1	1	2799.547661
2	1.414213562	2801.042443
3	1.732050808	2802.537226
2	1.414213562	2804.032008
1	1	2805.526791
1	1	2807.021573
2	1.414213562	2808.516355
0	0	2810.011138
2	1.414213562	2811.50592
0	0	2813.000702
1	1	2814.495485
2	1.414213562	2815.990267
2	1.414213562	2817.48505
1	1	2818.979832
3	1.732050808	2820.474614
0	0	2821.969397
3	1.732050808	2823.464179
2	1.414213562	2824.958962
1	1	2826.453744
1	1	2827.948526
1	1	2829.443309
0	0	2830.938091
1	1	2832.432874
1	1	2833.927656
0	0	2835.422438
2	1.414213562	2836.917221
2	1.414213562	2838.412003
1	1	2839.906785
0	0	2841.401568
0	0	2842.89635
4	2	2844.391133
1	1	2845.885915
1	1	2847.380697
1	1	2848.87548
2	1.414213562	2850.370262
1	1	2851.865045
1	1	2853.359827
0	0	2854.854609
2	1.414213562	2856.349392
2	1.414213562	2857.844174
2	1.414213562	2859.338957
0	0	2860.833739
1	1	2862.328521
1	1	2863.823304
1	1	2865.318086
1	1	2866.812868
1	1	2868.307651
1	1	2869.802433
1	1	2871.297216
2	1.414213562	2872.791998
1	1	2874.28678
2	1.414213562	2875.781563
1	1	2877.276345
0	0	2878.771128
0	0	2880.26591
0	0	2881.760692
1	1	2883.255475
0	0	2884.750257
2	1.414213562	2886.245039
2	1.414213562	2887.739822
1	1	2889.234604
0	0	2890.729387
1	1	2892.224169
2	1.414213562	2893.718951
1	1	2895.213734
3	1.732050808	2896.708516
4	2	2898.203299
0	0	2899.698081
0	0	2901.192863
4	2	2902.687646
2	1.414213562	2904.182428
0	0	2905.677211
2	1.414213562	2907.171993
0	0	2908.666775
1	1	2910.161558
3	1.732050808	2911.65634
1	1	2913.151122
0	0	2914.645905
2	1.414213562	2916.140687
0	0	2917.63547
1	1	2919.130252
1	1	2920.625034
0	0	2922.119817
2	1.414213562	2923.614599
0	0	2925.109382
1	1	2926.604164
1	1	2928.098946
2	1.414213562	2929.593729
1	1	2931.088511
0	0	2932.583293
0	0	2934.078076
0	0	2935.572858
0	0	2937.067641
0	0	2938.562423
1	1	2940.057205
1	1	2941.551988
3	1.732050808	2943.04677
0	0	2944.541553
0	0	2946.036335
2	1.414213562	2947.531117
2	1.414213562	2949.0259
1	1	2950.520682
3	1.732050808	2952.015465
2	1.414213562	2953.510247
1	1	2955.005029
7	2.645751311	2956.499812
4	2	2957.994594
1	1	2959.489376
0	0	2960.984159
2	1.414213562	2962.478941
1	1	2963.973724
2	1.414213562	2965.468506
3	1.732050808	2966.963288
2	1.414213562	2968.458071
3	1.732050808	2969.952853
3	1.732050808	2971.447636
0	0	2972.942418
0	0	2974.4372
0	0	2975.931983
1	1	2977.426765
1	1	2978.921548
2	1.414213562	2980.41633
2	1.414213562	2981.911112
2	1.414213562	2983.405895
0	0	2984.900677
2	1.414213562	2986.395459
1	1	2987.890242
3	1.732050808	2989.385024
1	1	2990.879807
3	1.732050808	2992.374589
1	1	2993.869371
0	0	2995.364154
1	1	2996.858936
7	2.645751311	2998.353719
2	1.414213562	2999.848501
5	2.236067977	3001.343283
4	2	3002.838066
4	2	3004.332848
4	2	3005.82763
4	2	3007.322413
2	1.414213562	3008.817195
5	2.236067977	3010.311978
2	1.414213562	3011.80676
3	1.732050808	3013.301542
3	1.732050808	3014.796325
4	2	3016.291107
4	2	3017.78589
3	1.732050808	3019.280672
6	2.449489743	3020.775454
3	1.732050808	3022.270237
2	1.414213562	3023.765019
3	1.732050808	3025.259802
2	1.414213562	3026.754584
3	1.732050808	3028.249366
4	2	3029.744149
2	1.414213562	3031.238931
2	1.414213562	3032.733713
1	1	3034.228496
3	1.732050808	3035.723278
2	1.414213562	3037.218061
3	1.732050808	3038.712843
4	2	3040.207625
3	1.732050808	3041.702408
3	1.732050808	3043.19719
2	1.414213562	3044.691973
3	1.732050808	3046.186755
1	1	3047.681537
2	1.414213562	3049.17632
4	2	3050.671102
5	2.236067977	3052.165884
3	1.732050808	3053.660667
2	1.414213562	3055.155449
4	2	3056.650232
2	1.414213562	3058.145014
0	0	3059.639796
4	2	3061.134579
4	2	3062.629361
0	0	3064.124144
4	2	3065.618926
