0	0	5.799378753
0	0	7.29416114
0	0	8.788943528
0	0	10.28372592
0	0	11.7785083
0	0	13.27329069
0	0	14.76807308
0	0	16.26285547
0	0	17.75763785
0	0	19.25242024
0	0	20.74720263
0	0	22.24198502
0	0	23.7367674
0	0	25.23154979
0	0	26.72633218
0	0	28.22111457
0	0	29.71589695
0	0	31.21067934
0	0	32.70546173
0	0	34.20024412
0	0	35.6950265
0	0	37.18980889
0	0	38.68459128
0	0	40.17937367
0	0	41.67415605
0	0	43.16893844
0	0	44.66372083
0	0	46.15850322
0	0	47.6532856
0	0	49.14806799
0	0	50.64285038
3	1.732050808	52.13763277
24	4.898979486	53.63241515
352	18.76166304	55.12719754
1917	43.78355856	56.62197993
2706	52.01922721	58.11676232
3059	55.30822724	59.6115447
3145	56.08029957	61.10632709
3364	58	62.60110948
3582	59.84981203	64.09589187
3732	61.0900974	65.59067425
4120	64.18722614	67.08545664
4592	67.76429738	68.58023903
5186	72.01388755	70.07502142
5546	74.47147105	71.5698038
6106	78.14089838	73.06458619
6494	80.58535847	74.55936858
7032	83.85702117	76.05415097
7315	85.52777327	77.54893335
7447	86.29600222	79.04371574
7516	86.69486721	80.53849813
7700	87.74964387	82.03328052
7523	86.73522929	83.5280629
7646	87.44140895	85.02284529
7614	87.25823743	86.51762768
7556	86.92525525	88.01241007
7273	85.28188553	89.50719245
7243	85.10581649	91.00197484
6879	82.93973716	92.49675723
6614	81.32650245	93.99153962
6195	78.7083223	95.486322
6076	77.94870108	96.98110439
5494	74.12152184	98.47588678
5110	71.484264	99.97066917
4994	70.66823898	101.4654516
4582	67.690472	102.9602339
4463	66.80568838	104.4550163
4154	64.45153218	105.9497987
3822	61.82232606	107.4445811
3644	60.36555309	108.9393635
3452	58.75372329	110.4341459
3426	58.53204251	111.9289283
3215	56.70097001	113.4237107
3117	55.83009941	114.918493
2994	54.71745608	116.4132754
2787	52.79204486	117.9080578
2768	52.61178575	119.4028402
2716	52.11525688	120.8976226
2704	52	122.392405
2649	51.46843693	123.8871874
2638	51.36146415	125.3819698
2760	52.53570215	126.8767521
2678	51.74939613	128.3715345
2652	51.49757276	129.8663169
2687	51.83628073	131.3610993
2603	51.01960408	132.8558817
2639	51.37119816	134.3506641
2516	50.15974482	135.8454465
2590	50.8920426	137.3402289
2378	48.76474136	138.8350112
2411	49.10193479	140.3297936
2285	47.80167361	141.824576
2347	48.44584606	143.3193584
2312	48.08326112	144.8141408
2186	46.75467891	146.3089232
2145	46.31414471	147.8037056
2166	46.54030511	149.298488
2199	46.89349635	150.7932703
2214	47.05316142	152.2880527
2215	47.0637865	153.7828351
2202	46.92547283	155.2776175
2231	47.23346271	156.7723999
2124	46.08687449	158.2671823
2107	45.90206967	159.7619647
2061	45.39823785	161.2567471
2071	45.50824101	162.7515294
2107	45.90206967	164.2463118
2062	45.40925016	165.7410942
2072	45.51922671	167.2358766
2027	45.02221674	168.730659
2013	44.86646855	170.2254414
2020	44.94441011	171.7202238
2036	45.12205669	173.2150062
1936	44	174.7097885
1963	44.30575583	176.2045709
2055	45.33210783	177.6993533
1996	44.67661581	179.1941357
1953	44.19275959	180.6889181
1955	44.21538194	182.1837005
2051	45.2879675	183.6784829
2032	45.07771068	185.1732653
1962	44.29446918	186.6680476
1982	44.51965858	188.16283
2050	45.27692569	189.6576124
2043	45.19955752	191.1523948
2034	45.09988914	192.6471772
2100	45.82575695	194.1419596
2136	46.21688003	195.636742
2152	46.38965402	197.1315244
2206	46.96807426	198.6263067
2161	46.4865572	200.1210891
2278	47.72839826	201.6158715
2324	48.20788317	203.1106539
2457	49.56813493	204.6054363
2504	50.03998401	206.1002187
2486	49.85980345	207.5950011
2559	50.58655948	209.0897835
2662	51.59457336	210.5845658
2656	51.53639491	212.0793482
2643	51.41011574	213.5741306
2715	52.10566188	215.068913
2705	52.0096145	216.5636954
2831	53.20714238	218.0584778
2878	53.64699432	219.5532602
2969	54.4885309	221.0480426
3097	55.65069631	222.5428249
3382	58.15496539	224.0376073
3613	60.10823571	225.5323897
4057	63.69458376	227.0271721
4378	66.16645676	228.5219545
4787	69.18814927	230.0167369
5414	73.57988856	231.5115193
6179	78.6066155	233.0063017
6745	82.12794896	234.501084
7226	85.00588215	235.9958664
7408	86.06973917	237.4906488
7589	87.1148667	238.9854312
7751	88.03976374	240.4802136
7291	85.38735269	241.974996
6935	83.27664739	243.4697784
6515	80.71554993	244.9645608
5748	75.81556568	246.4593431
5111	71.49125821	247.9541255
4493	67.0298441	249.4489079
3745	61.19640512	250.9436903
3268	57.16642371	252.4384727
2850	53.38539126	253.9332551
2462	49.61854492	255.4280375
2181	46.70117772	256.9228199
1972	44.40720662	258.4176022
1798	42.40283009	259.9123846
1754	41.88078318	261.407167
1661	40.75536774	262.9019494
1650	40.62019202	264.3967318
1691	41.12177039	265.8915142
1711	41.36423576	267.3862966
1734	41.64132563	268.881079
1702	41.25530269	270.3758613
1764	42	271.8706437
1759	41.94043395	273.3654261
1786	42.26109322	274.8602085
1757	41.91658383	276.3549909
1711	41.36423576	277.8497733
1666	40.81666326	279.3445557
1668	40.84115571	280.8393381
1556	39.44616585	282.3341204
1526	39.06404997	283.8289028
1516	38.93584467	285.3236852
1530	39.11521443	286.8184676
1453	38.11823711	288.31325
1401	37.42993454	289.8080324
1368	36.98648402	291.3028148
1441	37.96050579	292.7975972
1466	38.28837944	294.2923795
1414	37.60319135	295.7871619
1427	37.77565354	297.2819443
1497	38.69108424	298.7767267
1418	37.65634077	300.2715091
1405	37.48332963	301.7662915
1475	38.40572874	303.2610739
1393	37.32291521	304.7558563
1412	37.57658846	306.2506386
1415	37.61648575	307.745421
1392	37.30951621	309.2402034
1462	38.23610859	310.7349858
1396	37.36308338	312.2297682
1349	36.72873534	313.7245506
1386	37.22902094	315.219333
1430	37.8153408	316.7141154
1345	36.67424164	318.2088977
1486	38.54867053	319.7036801
1602	40.02499219	321.1984625
1558	39.47150871	322.6932449
1662	40.76763422	324.1880273
1757	41.91658383	325.6828097
1812	42.56759331	327.1775921
1855	43.06971093	328.6723745
2003	44.754888	330.1671568
2069	45.48626166	331.6619392
2132	46.17358552	333.1567216
2141	46.27094121	334.651504
2224	47.15930449	336.1462864
2093	45.74931693	337.6410688
2149	46.35730795	339.1358512
2221	47.12748667	340.6306336
2047	45.2437841	342.1254159
1819	42.64973622	343.6201983
1840	42.89522118	345.1149807
1646	40.57092555	346.6097631
1532	39.14077158	348.1045455
1430	37.8153408	349.5993279
1333	36.51027253	351.0941103
1273	35.67912555	352.5888927
1146	33.85262176	354.083675
1056	32.49615362	355.5784574
1046	32.34192326	357.0732398
1036	32.18695388	358.5680222
966	31.08054054	360.0628046
937	30.61045573	361.557587
971	31.1608729	363.0523694
914	30.23243292	364.5471518
934	30.56141358	366.0419341
880	29.66479395	367.5367165
883	29.71531592	369.0314989
948	30.78960864	370.5262813
891	29.84962311	372.0210637
858	29.29163703	373.5158461
847	29.10326442	375.0106285
858	29.29163703	376.5054109
919	30.31501278	378.0001932
915	30.24896692	379.4949756
928	30.46309242	380.989758
911	30.18277655	382.4845404
911	30.18277655	383.9793228
883	29.71531592	385.4741052
879	29.64793416	386.9688876
898	29.96664813	388.46367
914	30.23243292	389.9584523
913	30.21588986	391.4532347
910	30.16620626	392.9480171
937	30.61045573	394.4427995
905	30.08321791	395.9375819
891	29.84962311	397.4323643
915	30.24896692	398.9271467
889	29.81610303	400.4219291
930	30.49590136	401.9167114
890	29.83286778	403.4114938
907	30.11644069	404.9062762
957	30.9354166	406.4010586
971	31.1608729	407.895841
870	29.49576241	409.3906234
884	29.73213749	410.8854058
888	29.79932885	412.3801882
820	28.63564213	413.8749705
852	29.18903904	415.3697529
880	29.66479395	416.8645353
809	28.44292531	418.3593177
848	29.12043956	419.8541001
799	28.26658805	421.3488825
777	27.87471973	422.8436649
734	27.09243437	424.3384473
737	27.14774392	425.8332296
776	27.85677655	427.328012
716	26.75817632	428.8227944
729	27	430.3175768
767	27.69476485	431.8123592
725	26.92582404	433.3071416
739	27.18455444	434.801924
738	27.16615541	436.2967064
713	26.70205985	437.7914887
796	28.21347196	439.2862711
743	27.25802634	440.7810535
712	26.68332813	442.2758359
746	27.31300057	443.7706183
762	27.60434748	445.2654007
761	27.58622845	446.7601831
779	27.91057147	448.2549655
750	27.38612788	449.7497478
787	28.05352028	451.2445302
805	28.37252192	452.7393126
792	28.14249456	454.234095
830	28.80972058	455.7288774
882	29.69848481	457.2236598
881	29.68164416	458.7184422
887	29.78254522	460.2132246
875	29.58039892	461.7080069
878	29.63106478	463.2027893
959	30.96772513	464.6975717
938	30.62678566	466.1923541
938	30.62678566	467.6871365
849	29.13760457	469.1819189
881	29.68164416	470.6767013
841	29	472.1714837
773	27.80287755	473.666266
795	28.19574436	475.1610484
730	27.01851217	476.6558308
715	26.73948391	478.1506132
746	27.31300057	479.6453956
691	26.28687886	481.140178
705	26.55183609	482.6349604
679	26.05762844	484.1297428
724	26.90724809	485.6245251
728	26.98147513	487.1193075
728	26.98147513	488.6140899
697	26.40075756	490.1088723
710	26.64582519	491.6036547
749	27.36786437	493.0984371
763	27.62245463	494.5932195
794	28.17800561	496.0880019
834	28.87905816	497.5827842
796	28.21347196	499.0775666
823	28.68797658	500.572349
830	28.80972058	502.0671314
871	29.51270913	503.5619138
902	30.03331484	505.0566962
963	31.0322413	506.5514786
987	31.41655614	508.046261
964	31.04834939	509.5410433
1017	31.89043744	511.0358257
937	30.61045573	512.5306081
962	31.01612484	514.0253905
933	30.5450487	515.5201729
853	29.20616373	517.0149553
913	30.21588986	518.5097377
922	30.3644529	520.0045201
850	29.15475947	521.4993024
829	28.7923601	522.9940848
784	28	524.4888672
784	28	525.9836496
713	26.70205985	527.478432
686	26.19160171	528.9732144
638	25.25866188	530.4679968
730	27.01851217	531.9627792
745	27.29468813	533.4575615
756	27.49545417	534.9523439
733	27.07397274	536.4471263
690	26.26785107	537.9419087
695	26.36285265	539.4366911
753	27.44084547	540.9314735
765	27.65863337	542.4262559
756	27.49545417	543.9210383
764	27.64054992	545.4158206
760	27.5680975	546.910603
839	28.96549672	548.4053854
810	28.46049894	549.9001678
783	27.98213716	551.3949502
856	29.25747768	552.8897326
921	30.34798181	554.384515
898	29.96664813	555.8792974
945	30.7408523	557.3740797
885	29.74894956	558.8688621
926	30.43024811	560.3636445
955	30.90307428	561.8584269
971	31.1608729	563.3532093
1006	31.71750305	564.8479917
1036	32.18695388	566.3427741
1047	32.35737937	567.8375565
1072	32.74141109	569.3323388
1134	33.67491648	570.8271212
1201	34.6554469	572.3219036
1296	36	573.816686
1382	37.17526059	575.3114684
1397	37.37646318	576.8062508
1491	38.61346915	578.3010332
1573	39.66106403	579.7958156
1630	40.37325848	581.2905979
1672	40.8900966	582.7853803
1622	40.27406113	584.2801627
1667	40.82891133	585.7749451
1508	38.83297568	587.2697275
1466	38.28837944	588.7645099
1431	37.82856064	590.2592923
1307	36.15245497	591.7540747
1162	34.0881211	593.248857
1098	33.13608305	594.7436394
965	31.06444913	596.2384218
941	30.6757233	597.7332042
764	27.64054992	599.2279866
722	26.87005769	600.722769
648	25.45584412	602.2175514
635	25.19920634	603.7123338
632	25.13961018	605.2071161
589	24.2693222	606.7018985
551	23.47338919	608.1966809
564	23.74868417	609.6914633
555	23.55843798	611.1862457
521	22.82542442	612.6810281
540	23.23790008	614.1758105
497	22.29349681	615.6705929
547	23.38803113	617.1653752
525	22.91287847	618.6601576
576	24	620.15494
575	23.97915762	621.6497224
527	22.95648057	623.1445048
534	23.10844002	624.6392872
505	22.47220505	626.1340696
540	23.23790008	627.628852
530	23.02172887	629.1236343
534	23.10844002	630.6184167
509	22.56102835	632.1131991
525	22.91287847	633.6079815
495	22.24859546	635.1027639
527	22.95648057	636.5975463
573	23.93741841	638.0923287
542	23.28089345	639.5871111
518	22.75961335	641.0818934
571	23.89560629	642.5766758
560	23.66431913	644.0714582
547	23.38803113	645.5662406
535	23.13006701	647.061023
523	22.86919325	648.5558054
534	23.10844002	650.0505878
540	23.23790008	651.5453702
581	24.10394159	653.0401525
525	22.91287847	654.5349349
560	23.66431913	656.0297173
576	24	657.5244997
550	23.4520788	659.0192821
584	24.16609195	660.5140645
511	22.60530911	662.0088469
543	23.3023604	663.5036293
585	24.18677324	664.9984116
568	23.83275058	666.493194
543	23.3023604	667.9879764
550	23.4520788	669.4827588
567	23.8117618	670.9775412
561	23.68543856	672.4723236
575	23.97915762	673.967106
543	23.3023604	675.4618884
537	23.17326045	676.9566707
535	23.13006701	678.4514531
565	23.76972865	679.9462355
557	23.60084744	681.4410179
510	22.58317958	682.9358003
581	24.10394159	684.4305827
542	23.28089345	685.9253651
526	22.93468988	687.4201475
538	23.19482701	688.9149298
595	24.39262184	690.4097122
566	23.79075451	691.9044946
599	24.4744765	693.399277
562	23.70653918	694.8940594
573	23.93741841	696.3888418
555	23.55843798	697.8836242
540	23.23790008	699.3784066
552	23.49468025	700.8731889
551	23.47338919	702.3679713
540	23.23790008	703.8627537
560	23.66431913	705.3575361
595	24.39262184	706.8523185
602	24.53568829	708.3471009
590	24.2899156	709.8418833
559	23.64318084	711.3366657
619	24.87971061	712.831448
577	24.0208243	714.3262304
579	24.06241883	715.8210128
614	24.77902339	717.3157952
579	24.06241883	718.8105776
641	25.3179778	720.30536
671	25.90366769	721.8001424
646	25.41653005	723.2949248
679	26.05762844	724.7897071
690	26.26785107	726.2844895
652	25.53429067	727.7792719
671	25.90366769	729.2740543
639	25.27844932	730.7688367
612	24.73863375	732.2636191
611	24.71841419	733.7584015
592	24.33105012	735.2531839
594	24.37211521	736.7479662
559	23.64318084	738.2427486
489	22.11334439	739.737531
535	23.13006701	741.2323134
453	21.28379665	742.7270958
473	21.74856317	744.2218782
490	22.13594362	745.7166606
506	22.49444376	747.211443
474	21.77154106	748.7062253
456	21.3541565	750.2010077
447	21.14237451	751.6957901
409	20.22374842	753.1905725
444	21.07130751	754.6853549
432	20.78460969	756.1801373
431	20.76053949	757.6749197
462	21.49418526	759.1697021
458	21.40093456	760.6644844
453	21.28379665	762.1592668
419	20.46948949	763.6540492
455	21.33072901	765.1488316
429	20.71231518	766.643614
438	20.92844954	768.1383964
434	20.83266666	769.6331788
430	20.73644135	771.1279612
431	20.76053949	772.6227435
459	21.42428529	774.1175259
363	19.05255888	775.6123083
440	20.97617696	777.1070907
429	20.71231518	778.6018731
434	20.83266666	780.0966555
456	21.3541565	781.5914379
375	19.36491673	783.0862203
419	20.46948949	784.5810026
413	20.32240143	786.075785
403	20.0748599	787.5705674
378	19.4422221	789.0653498
414	20.34698995	790.5601322
399	19.97498436	792.0549146
410	20.24845673	793.549697
404	20.09975124	795.0444794
394	19.84943324	796.5392617
421	20.51828453	798.0340441
386	19.6468827	799.5288265
362	19.02629759	801.0236089
379	19.46792233	802.5183913
377	19.41648784	804.0131737
390	19.74841766	805.5079561
332	18.22086716	807.0027385
299	17.29161647	808.4975208
336	18.33030278	809.9923032
324	18	811.4870856
305	17.4642492	812.981868
318	17.8325545	814.4766504
308	17.54992877	815.9714328
293	17.11724277	817.4662152
284	16.85229955	818.9609976
307	17.52141547	820.4557799
270	16.43167673	821.9505623
316	17.77638883	823.4453447
378	19.4422221	824.9401271
328	18.11077028	826.4349095
305	17.4642492	827.9296919
357	18.89444363	829.4244743
340	18.43908891	830.9192567
351	18.734994	832.414039
345	18.57417562	833.9088214
354	18.81488772	835.4036038
350	18.70828693	836.8983862
337	18.35755975	838.3931686
408	20.19900988	839.887951
395	19.87460691	841.3827334
365	19.10497317	842.8775158
359	18.94729532	844.3722981
339	18.41195264	845.8670805
364	19.07878403	847.3618629
335	18.30300522	848.8566453
367	19.15724406	850.3514277
374	19.33907961	851.8462101
384	19.59591794	853.3409925
378	19.4422221	854.8357749
389	19.72308292	856.3305572
377	19.41648784	857.8253396
426	20.63976744	859.320122
443	21.04756518	860.8149044
412	20.29778313	862.3096868
389	19.72308292	863.8044692
403	20.0748599	865.2992516
359	18.94729532	866.794034
380	19.49358869	868.2888163
402	20.04993766	869.7835987
383	19.57038579	871.2783811
368	19.18332609	872.7731635
375	19.36491673	874.2679459
417	20.42057786	875.7627283
391	19.77371993	877.2575107
371	19.26136028	878.7522931
377	19.41648784	880.2470754
355	18.84144368	881.7418578
358	18.92088793	883.2366402
365	19.10497317	884.7314226
387	19.67231557	886.226205
416	20.39607805	887.7209874
415	20.37154879	889.2157698
413	20.32240143	890.7105522
416	20.39607805	892.2053345
443	21.04756518	893.7001169
422	20.54263858	895.1948993
477	21.84032967	896.6896817
528	22.97825059	898.1844641
534	23.10844002	899.6792465
582	24.12467616	901.1740289
617	24.8394847	902.6688113
706	26.57066051	904.1635936
713	26.70205985	905.658376
790	28.10693865	907.1531584
769	27.73084925	908.6479408
803	28.33725463	910.1427232
780	27.92848009	911.6375056
843	29.03446228	913.132288
726	26.94438717	914.6270704
799	28.26658805	916.1218527
711	26.66458325	917.6166351
673	25.94224354	919.1114175
632	25.13961018	920.6061999
579	24.06241883	922.1009823
465	21.56385865	923.5957647
456	21.3541565	925.0905471
426	20.63976744	926.5853295
383	19.57038579	928.0801118
355	18.84144368	929.5748942
295	17.17556404	931.0696766
276	16.61324773	932.564459
296	17.20465053	934.0592414
256	16	935.5540238
247	15.71623365	937.0488062
243	15.58845727	938.5435886
262	16.18641406	940.0383709
245	15.65247584	941.5331533
271	16.46207763	943.0279357
269	16.40121947	944.5227181
288	16.97056275	946.0175005
258	16.0623784	947.5122829
270	16.43167673	949.0070653
284	16.85229955	950.5018477
317	17.80449381	951.99663
325	18.02775638	953.4914124
335	18.30300522	954.9861948
384	19.59591794	956.4809772
406	20.14944168	957.9757596
410	20.24845673	959.470542
439	20.95232684	960.9653244
453	21.28379665	962.4601068
502	22.4053565	963.9548891
553	23.51595203	965.4496715
529	23	966.9444539
532	23.06512519	968.4392363
541	23.2594067	969.9340187
523	22.86919325	971.4288011
517	22.737634	972.9235835
430	20.73644135	974.4183659
416	20.39607805	975.9131482
409	20.22374842	977.4079306
361	19	978.902713
313	17.69180601	980.3974954
274	16.55294536	981.8922778
238	15.42724862	983.3870602
240	15.49193338	984.8818426
178	13.34166406	986.376625
192	13.85640646	987.8714073
127	11.26942767	989.3661897
128	11.3137085	990.8609721
134	11.5758369	992.3557545
118	10.86278049	993.8505369
120	10.95445115	995.3453193
113	10.63014581	996.8401017
120	10.95445115	998.3348841
120	10.95445115	999.8296664
107	10.34408043	1001.324449
104	10.19803903	1002.819231
98	9.899494937	1004.314014
92	9.591663047	1005.808796
105	10.24695077	1007.303578
103	10.14889157	1008.798361
102	10.09950494	1010.293143
95	9.746794345	1011.787926
124	11.13552873	1013.282708
104	10.19803903	1014.77749
108	10.39230485	1016.272273
118	10.86278049	1017.767055
97	9.848857802	1019.261837
112	10.58300524	1020.75662
110	10.48808848	1022.251402
116	10.77032961	1023.746185
97	9.848857802	1025.240967
90	9.486832981	1026.735749
93	9.643650761	1028.230532
97	9.848857802	1029.725314
81	9	1031.220097
110	10.48808848	1032.714879
107	10.34408043	1034.209661
105	10.24695077	1035.704444
115	10.72380529	1037.199226
110	10.48808848	1038.694009
99	9.949874371	1040.188791
90	9.486832981	1041.683573
93	9.643650761	1043.178356
92	9.591663047	1044.673138
102	10.09950494	1046.16792
107	10.34408043	1047.662703
102	10.09950494	1049.157485
98	9.899494937	1050.652268
115	10.72380529	1052.14705
110	10.48808848	1053.641832
119	10.90871211	1055.136615
124	11.13552873	1056.631397
88	9.38083152	1058.12618
111	10.53565375	1059.620962
107	10.34408043	1061.115744
117	10.81665383	1062.610527
116	10.77032961	1064.105309
104	10.19803903	1065.600091
105	10.24695077	1067.094874
110	10.48808848	1068.589656
99	9.949874371	1070.084439
112	10.58300524	1071.579221
116	10.77032961	1073.074003
128	11.3137085	1074.568786
99	9.949874371	1076.063568
139	11.78982612	1077.558351
128	11.3137085	1079.053133
115	10.72380529	1080.547915
109	10.44030651	1082.042698
112	10.58300524	1083.53748
111	10.53565375	1085.032263
127	11.26942767	1086.527045
104	10.19803903	1088.021827
101	10.04987562	1089.51661
119	10.90871211	1091.011392
112	10.58300524	1092.506174
110	10.48808848	1094.000957
106	10.29563014	1095.495739
130	11.40175425	1096.990522
131	11.44552314	1098.485304
114	10.67707825	1099.980086
94	9.695359715	1101.474869
100	10	1102.969651
108	10.39230485	1104.464434
108	10.39230485	1105.959216
89	9.433981132	1107.453998
124	11.13552873	1108.948781
112	10.58300524	1110.443563
106	10.29563014	1111.938346
113	10.63014581	1113.433128
109	10.44030651	1114.92791
88	9.38083152	1116.422693
105	10.24695077	1117.917475
113	10.63014581	1119.412257
106	10.29563014	1120.90704
77	8.774964387	1122.401822
75	8.660254038	1123.896605
109	10.44030651	1125.391387
86	9.273618495	1126.886169
110	10.48808848	1128.380952
94	9.695359715	1129.875734
107	10.34408043	1131.370517
98	9.899494937	1132.865299
74	8.602325267	1134.360081
91	9.539392014	1135.854864
100	10	1137.349646
98	9.899494937	1138.844428
91	9.539392014	1140.339211
93	9.643650761	1141.833993
95	9.746794345	1143.328776
78	8.831760866	1144.823558
102	10.09950494	1146.31834
84	9.16515139	1147.813123
105	10.24695077	1149.307905
105	10.24695077	1150.802688
94	9.695359715	1152.29747
84	9.16515139	1153.792252
91	9.539392014	1155.287035
100	10	1156.781817
88	9.38083152	1158.2766
91	9.539392014	1159.771382
81	9	1161.266164
85	9.219544457	1162.760947
102	10.09950494	1164.255729
97	9.848857802	1165.750511
90	9.486832981	1167.245294
93	9.643650761	1168.740076
92	9.591663047	1170.234859
92	9.591663047	1171.729641
90	9.486832981	1173.224423
102	10.09950494	1174.719206
106	10.29563014	1176.213988
88	9.38083152	1177.708771
109	10.44030651	1179.203553
74	8.602325267	1180.698335
91	9.539392014	1182.193118
84	9.16515139	1183.6879
110	10.48808848	1185.182682
91	9.539392014	1186.677465
95	9.746794345	1188.172247
64	8	1189.66703
88	9.38083152	1191.161812
84	9.16515139	1192.656594
101	10.04987562	1194.151377
96	9.797958971	1195.646159
92	9.591663047	1197.140942
108	10.39230485	1198.635724
76	8.717797887	1200.130506
82	9.055385138	1201.625289
90	9.486832981	1203.120071
95	9.746794345	1204.614854
116	10.77032961	1206.109636
95	9.746794345	1207.604418
91	9.539392014	1209.099201
108	10.39230485	1210.593983
77	8.774964387	1212.088765
104	10.19803903	1213.583548
91	9.539392014	1215.07833
107	10.34408043	1216.573113
88	9.38083152	1218.067895
92	9.591663047	1219.562677
103	10.14889157	1221.05746
91	9.539392014	1222.552242
101	10.04987562	1224.047025
92	9.591663047	1225.541807
96	9.797958971	1227.036589
87	9.327379053	1228.531372
88	9.38083152	1230.026154
98	9.899494937	1231.520937
93	9.643650761	1233.015719
88	9.38083152	1234.510501
100	10	1236.005284
109	10.44030651	1237.500066
95	9.746794345	1238.994848
84	9.16515139	1240.489631
96	9.797958971	1241.984413
90	9.486832981	1243.479196
111	10.53565375	1244.973978
97	9.848857802	1246.46876
104	10.19803903	1247.963543
122	11.04536102	1249.458325
102	10.09950494	1250.953108
91	9.539392014	1252.44789
128	11.3137085	1253.942672
108	10.39230485	1255.437455
97	9.848857802	1256.932237
99	9.949874371	1258.427019
120	10.95445115	1259.921802
97	9.848857802	1261.416584
94	9.695359715	1262.911367
101	10.04987562	1264.406149
89	9.433981132	1265.900931
84	9.16515139	1267.395714
79	8.888194417	1268.890496
103	10.14889157	1270.385279
76	8.717797887	1271.880061
84	9.16515139	1273.374843
77	8.774964387	1274.869626
74	8.602325267	1276.364408
96	9.797958971	1277.859191
83	9.110433579	1279.353973
91	9.539392014	1280.848755
95	9.746794345	1282.343538
97	9.848857802	1283.83832
92	9.591663047	1285.333102
87	9.327379053	1286.827885
90	9.486832981	1288.322667
91	9.539392014	1289.81745
79	8.888194417	1291.312232
107	10.34408043	1292.807014
84	9.16515139	1294.301797
95	9.746794345	1295.796579
85	9.219544457	1297.291362
79	8.888194417	1298.786144
105	10.24695077	1300.280926
80	8.94427191	1301.775709
107	10.34408043	1303.270491
80	8.94427191	1304.765273
97	9.848857802	1306.260056
93	9.643650761	1307.754838
91	9.539392014	1309.249621
103	10.14889157	1310.744403
94	9.695359715	1312.239185
99	9.949874371	1313.733968
98	9.899494937	1315.22875
76	8.717797887	1316.723533
82	9.055385138	1318.218315
87	9.327379053	1319.713097
80	8.94427191	1321.20788
90	9.486832981	1322.702662
95	9.746794345	1324.197445
68	8.246211251	1325.692227
91	9.539392014	1327.187009
104	10.19803903	1328.681792
110	10.48808848	1330.176574
83	9.110433579	1331.671356
81	9	1333.166139
88	9.38083152	1334.660921
85	9.219544457	1336.155704
87	9.327379053	1337.650486
97	9.848857802	1339.145268
65	8.062257748	1340.640051
84	9.16515139	1342.134833
84	9.16515139	1343.629616
82	9.055385138	1345.124398
93	9.643650761	1346.61918
80	8.94427191	1348.113963
77	8.774964387	1349.608745
86	9.273618495	1351.103528
83	9.110433579	1352.59831
74	8.602325267	1354.093092
74	8.602325267	1355.587875
91	9.539392014	1357.082657
78	8.831760866	1358.577439
88	9.38083152	1360.072222
82	9.055385138	1361.567004
91	9.539392014	1363.061787
71	8.426149773	1364.556569
73	8.544003745	1366.051351
91	9.539392014	1367.546134
107	10.34408043	1369.040916
92	9.591663047	1370.535699
90	9.486832981	1372.030481
91	9.539392014	1373.525263
83	9.110433579	1375.020046
86	9.273618495	1376.514828
90	9.486832981	1378.00961
88	9.38083152	1379.504393
90	9.486832981	1380.999175
86	9.273618495	1382.493958
79	8.888194417	1383.98874
85	9.219544457	1385.483522
74	8.602325267	1386.978305
77	8.774964387	1388.473087
92	9.591663047	1389.96787
82	9.055385138	1391.462652
84	9.16515139	1392.957434
71	8.426149773	1394.452217
83	9.110433579	1395.946999
76	8.717797887	1397.441782
74	8.602325267	1398.936564
89	9.433981132	1400.431346
73	8.544003745	1401.926129
68	8.246211251	1403.420911
87	9.327379053	1404.915693
84	9.16515139	1406.410476
67	8.185352772	1407.905258
84	9.16515139	1409.400041
86	9.273618495	1410.894823
90	9.486832981	1412.389605
96	9.797958971	1413.884388
81	9	1415.37917
77	8.774964387	1416.873953
71	8.426149773	1418.368735
77	8.774964387	1419.863517
68	8.246211251	1421.3583
70	8.366600265	1422.853082
87	9.327379053	1424.347864
69	8.306623863	1425.842647
93	9.643650761	1427.337429
77	8.774964387	1428.832212
84	9.16515139	1430.326994
78	8.831760866	1431.821776
66	8.124038405	1433.316559
70	8.366600265	1434.811341
85	9.219544457	1436.306124
88	9.38083152	1437.800906
74	8.602325267	1439.295688
85	9.219544457	1440.790471
85	9.219544457	1442.285253
87	9.327379053	1443.780036
92	9.591663047	1445.274818
89	9.433981132	1446.7696
80	8.94427191	1448.264383
85	9.219544457	1449.759165
77	8.774964387	1451.253947
91	9.539392014	1452.74873
80	8.94427191	1454.243512
85	9.219544457	1455.738295
91	9.539392014	1457.233077
74	8.602325267	1458.727859
77	8.774964387	1460.222642
88	9.38083152	1461.717424
103	10.14889157	1463.212207
78	8.831760866	1464.706989
77	8.774964387	1466.201771
82	9.055385138	1467.696554
90	9.486832981	1469.191336
91	9.539392014	1470.686119
96	9.797958971	1472.180901
78	8.831760866	1473.675683
80	8.94427191	1475.170466
83	9.110433579	1476.665248
70	8.366600265	1478.16003
80	8.94427191	1479.654813
85	9.219544457	1481.149595
96	9.797958971	1482.644378
81	9	1484.13916
78	8.831760866	1485.633942
72	8.485281374	1487.128725
93	9.643650761	1488.623507
85	9.219544457	1490.11829
102	10.09950494	1491.613072
90	9.486832981	1493.107854
77	8.774964387	1494.602637
113	10.63014581	1496.097419
86	9.273618495	1497.592201
87	9.327379053	1499.086984
91	9.539392014	1500.581766
95	9.746794345	1502.076549
85	9.219544457	1503.571331
98	9.899494937	1505.066113
81	9	1506.560896
88	9.38083152	1508.055678
99	9.949874371	1509.550461
83	9.110433579	1511.045243
67	8.185352772	1512.540025
72	8.485281374	1514.034808
74	8.602325267	1515.52959
93	9.643650761	1517.024373
83	9.110433579	1518.519155
96	9.797958971	1520.013937
83	9.110433579	1521.50872
80	8.94427191	1523.003502
77	8.774964387	1524.498284
72	8.485281374	1525.993067
75	8.660254038	1527.487849
71	8.426149773	1528.982632
85	9.219544457	1530.477414
80	8.94427191	1531.972196
87	9.327379053	1533.466979
58	7.615773106	1534.961761
77	8.774964387	1536.456544
71	8.426149773	1537.951326
72	8.485281374	1539.446108
73	8.544003745	1540.940891
72	8.485281374	1542.435673
74	8.602325267	1543.930456
67	8.185352772	1545.425238
71	8.426149773	1546.92002
74	8.602325267	1548.414803
83	9.110433579	1549.909585
62	7.874007874	1551.404367
71	8.426149773	1552.89915
92	9.591663047	1554.393932
91	9.539392014	1555.888715
74	8.602325267	1557.383497
79	8.888194417	1558.878279
95	9.746794345	1560.373062
77	8.774964387	1561.867844
89	9.433981132	1563.362627
72	8.485281374	1564.857409
78	8.831760866	1566.352191
86	9.273618495	1567.846974
80	8.94427191	1569.341756
93	9.643650761	1570.836538
111	10.53565375	1572.331321
99	9.949874371	1573.826103
130	11.40175425	1575.320886
99	9.949874371	1576.815668
113	10.63014581	1578.31045
90	9.486832981	1579.805233
112	10.58300524	1581.300015
113	10.63014581	1582.794798
123	11.09053651	1584.28958
134	11.5758369	1585.784362
137	11.70469991	1587.279145
112	10.58300524	1588.773927
128	11.3137085	1590.26871
123	11.09053651	1591.763492
106	10.29563014	1593.258274
115	10.72380529	1594.753057
124	11.13552873	1596.247839
125	11.18033989	1597.742621
110	10.48808848	1599.237404
120	10.95445115	1600.732186
89	9.433981132	1602.226969
107	10.34408043	1603.721751
102	10.09950494	1605.216533
85	9.219544457	1606.711316
97	9.848857802	1608.206098
66	8.124038405	1609.700881
78	8.831760866	1611.195663
71	8.426149773	1612.690445
80	8.94427191	1614.185228
92	9.591663047	1615.68001
85	9.219544457	1617.174792
75	8.660254038	1618.669575
87	9.327379053	1620.164357
101	10.04987562	1621.65914
83	9.110433579	1623.153922
90	9.486832981	1624.648704
85	9.219544457	1626.143487
89	9.433981132	1627.638269
71	8.426149773	1629.133052
77	8.774964387	1630.627834
92	9.591663047	1632.122616
90	9.486832981	1633.617399
85	9.219544457	1635.112181
75	8.660254038	1636.606964
71	8.426149773	1638.101746
75	8.660254038	1639.596528
76	8.717797887	1641.091311
76	8.717797887	1642.586093
78	8.831760866	1644.080875
62	7.874007874	1645.575658
68	8.246211251	1647.07044
60	7.745966692	1648.565223
66	8.124038405	1650.060005
79	8.888194417	1651.554787
55	7.416198487	1653.04957
67	8.185352772	1654.544352
57	7.549834435	1656.039135
51	7.141428429	1657.533917
58	7.615773106	1659.028699
74	8.602325267	1660.523482
59	7.681145748	1662.018264
64	8	1663.513047
65	8.062257748	1665.007829
61	7.810249676	1666.502611
71	8.426149773	1667.997394
68	8.246211251	1669.492176
60	7.745966692	1670.986958
46	6.782329983	1672.481741
56	7.483314774	1673.976523
50	7.071067812	1675.471306
56	7.483314774	1676.966088
68	8.246211251	1678.46087
68	8.246211251	1679.955653
72	8.485281374	1681.450435
63	7.937253933	1682.945218
67	8.185352772	1684.44
58	7.615773106	1685.934782
68	8.246211251	1687.429565
61	7.810249676	1688.924347
75	8.660254038	1690.419129
73	8.544003745	1691.913912
58	7.615773106	1693.408694
64	8	1694.903477
61	7.810249676	1696.398259
57	7.549834435	1697.893041
57	7.549834435	1699.387824
73	8.544003745	1700.882606
50	7.071067812	1702.377389
62	7.874007874	1703.872171
51	7.141428429	1705.366953
65	8.062257748	1706.861736
73	8.544003745	1708.356518
57	7.549834435	1709.851301
56	7.483314774	1711.346083
71	8.426149773	1712.840865
62	7.874007874	1714.335648
71	8.426149773	1715.83043
56	7.483314774	1717.325212
55	7.416198487	1718.819995
61	7.810249676	1720.314777
64	8	1721.80956
56	7.483314774	1723.304342
68	8.246211251	1724.799124
56	7.483314774	1726.293907
68	8.246211251	1727.788689
66	8.124038405	1729.283472
57	7.549834435	1730.778254
90	9.486832981	1732.273036
45	6.708203932	1733.767819
57	7.549834435	1735.262601
60	7.745966692	1736.757383
69	8.306623863	1738.252166
53	7.280109889	1739.746948
55	7.416198487	1741.241731
75	8.660254038	1742.736513
52	7.211102551	1744.231295
69	8.306623863	1745.726078
64	8	1747.22086
60	7.745966692	1748.715643
69	8.306623863	1750.210425
65	8.062257748	1751.705207
53	7.280109889	1753.19999
56	7.483314774	1754.694772
71	8.426149773	1756.189555
55	7.416198487	1757.684337
73	8.544003745	1759.179119
66	8.124038405	1760.673902
55	7.416198487	1762.168684
63	7.937253933	1763.663466
66	8.124038405	1765.158249
67	8.185352772	1766.653031
66	8.124038405	1768.147814
64	8	1769.642596
62	7.874007874	1771.137378
70	8.366600265	1772.632161
54	7.348469228	1774.126943
57	7.549834435	1775.621726
68	8.246211251	1777.116508
58	7.615773106	1778.61129
63	7.937253933	1780.106073
61	7.810249676	1781.600855
58	7.615773106	1783.095638
51	7.141428429	1784.59042
42	6.480740698	1786.085202
48	6.92820323	1787.579985
47	6.8556546	1789.074767
63	7.937253933	1790.569549
59	7.681145748	1792.064332
79	8.888194417	1793.559114
83	9.110433579	1795.053897
65	8.062257748	1796.548679
58	7.615773106	1798.043461
69	8.306623863	1799.538244
77	8.774964387	1801.033026
55	7.416198487	1802.527809
67	8.185352772	1804.022591
67	8.185352772	1805.517373
58	7.615773106	1807.012156
55	7.416198487	1808.506938
53	7.280109889	1810.00172
54	7.348469228	1811.496503
53	7.280109889	1812.991285
60	7.745966692	1814.486068
70	8.366600265	1815.98085
73	8.544003745	1817.475632
61	7.810249676	1818.970415
68	8.246211251	1820.465197
59	7.681145748	1821.95998
69	8.306623863	1823.454762
66	8.124038405	1824.949544
48	6.92820323	1826.444327
64	8	1827.939109
60	7.745966692	1829.433892
67	8.185352772	1830.928674
48	6.92820323	1832.423456
51	7.141428429	1833.918239
71	8.426149773	1835.413021
60	7.745966692	1836.907803
58	7.615773106	1838.402586
62	7.874007874	1839.897368
68	8.246211251	1841.392151
63	7.937253933	1842.886933
65	8.062257748	1844.381715
61	7.810249676	1845.876498
62	7.874007874	1847.37128
53	7.280109889	1848.866063
54	7.348469228	1850.360845
64	8	1851.855627
63	7.937253933	1853.35041
71	8.426149773	1854.845192
60	7.745966692	1856.339974
66	8.124038405	1857.834757
57	7.549834435	1859.329539
79	8.888194417	1860.824322
67	8.185352772	1862.319104
69	8.306623863	1863.813886
55	7.416198487	1865.308669
59	7.681145748	1866.803451
63	7.937253933	1868.298234
72	8.485281374	1869.793016
63	7.937253933	1871.287798
58	7.615773106	1872.782581
64	8	1874.277363
53	7.280109889	1875.772146
79	8.888194417	1877.266928
63	7.937253933	1878.76171
78	8.831760866	1880.256493
76	8.717797887	1881.751275
47	6.8556546	1883.246057
52	7.211102551	1884.74084
65	8.062257748	1886.235622
68	8.246211251	1887.730405
63	7.937253933	1889.225187
68	8.246211251	1890.719969
65	8.062257748	1892.214752
73	8.544003745	1893.709534
59	7.681145748	1895.204317
56	7.483314774	1896.699099
56	7.483314774	1898.193881
62	7.874007874	1899.688664
61	7.810249676	1901.183446
73	8.544003745	1902.678229
47	6.8556546	1904.173011
55	7.416198487	1905.667793
71	8.426149773	1907.162576
68	8.246211251	1908.657358
61	7.810249676	1910.15214
62	7.874007874	1911.646923
62	7.874007874	1913.141705
70	8.366600265	1914.636488
67	8.185352772	1916.13127
66	8.124038405	1917.626052
66	8.124038405	1919.120835
59	7.681145748	1920.615617
71	8.426149773	1922.1104
51	7.141428429	1923.605182
55	7.416198487	1925.099964
70	8.366600265	1926.594747
55	7.416198487	1928.089529
74	8.602325267	1929.584311
73	8.544003745	1931.079094
67	8.185352772	1932.573876
56	7.483314774	1934.068659
57	7.549834435	1935.563441
49	7	1937.058223
61	7.810249676	1938.553006
61	7.810249676	1940.047788
60	7.745966692	1941.542571
52	7.211102551	1943.037353
66	8.124038405	1944.532135
62	7.874007874	1946.026918
66	8.124038405	1947.5217
72	8.485281374	1949.016483
66	8.124038405	1950.511265
63	7.937253933	1952.006047
65	8.062257748	1953.50083
65	8.062257748	1954.995612
67	8.185352772	1956.490394
65	8.062257748	1957.985177
66	8.124038405	1959.479959
58	7.615773106	1960.974742
55	7.416198487	1962.469524
62	7.874007874	1963.964306
65	8.062257748	1965.459089
55	7.416198487	1966.953871
62	7.874007874	1968.448654
59	7.681145748	1969.943436
70	8.366600265	1971.438218
74	8.602325267	1972.933001
80	8.94427191	1974.427783
67	8.185352772	1975.922565
76	8.717797887	1977.417348
75	8.660254038	1978.91213
65	8.062257748	1980.406913
68	8.246211251	1981.901695
55	7.416198487	1983.396477
56	7.483314774	1984.89126
66	8.124038405	1986.386042
66	8.124038405	1987.880825
68	8.246211251	1989.375607
73	8.544003745	1990.870389
62	7.874007874	1992.365172
52	7.211102551	1993.859954
66	8.124038405	1995.354737
60	7.745966692	1996.849519
75	8.660254038	1998.344301
65	8.062257748	1999.839084
54	7.348469228	2001.333866
70	8.366600265	2002.828648
65	8.062257748	2004.323431
64	8	2005.818213
64	8	2007.312996
59	7.681145748	2008.807778
52	7.211102551	2010.30256
70	8.366600265	2011.797343
58	7.615773106	2013.292125
58	7.615773106	2014.786908
53	7.280109889	2016.28169
65	8.062257748	2017.776472
65	8.062257748	2019.271255
83	9.110433579	2020.766037
68	8.246211251	2022.26082
74	8.602325267	2023.755602
64	8	2025.250384
65	8.062257748	2026.745167
52	7.211102551	2028.239949
58	7.615773106	2029.734731
62	7.874007874	2031.229514
61	7.810249676	2032.724296
64	8	2034.219079
42	6.480740698	2035.713861
75	8.660254038	2037.208643
76	8.717797887	2038.703426
57	7.549834435	2040.198208
67	8.185352772	2041.692991
66	8.124038405	2043.187773
74	8.602325267	2044.682555
56	7.483314774	2046.177338
61	7.810249676	2047.67212
69	8.306623863	2049.166902
61	7.810249676	2050.661685
58	7.615773106	2052.156467
61	7.810249676	2053.65125
65	8.062257748	2055.146032
62	7.874007874	2056.640814
69	8.306623863	2058.135597
52	7.211102551	2059.630379
68	8.246211251	2061.125162
73	8.544003745	2062.619944
67	8.185352772	2064.114726
69	8.306623863	2065.609509
75	8.660254038	2067.104291
68	8.246211251	2068.599074
66	8.124038405	2070.093856
65	8.062257748	2071.588638
77	8.774964387	2073.083421
59	7.681145748	2074.578203
63	7.937253933	2076.072985
65	8.062257748	2077.567768
72	8.485281374	2079.06255
76	8.717797887	2080.557333
57	7.549834435	2082.052115
62	7.874007874	2083.546897
66	8.124038405	2085.04168
79	8.888194417	2086.536462
83	9.110433579	2088.031245
92	9.591663047	2089.526027
82	9.055385138	2091.020809
80	8.94427191	2092.515592
93	9.643650761	2094.010374
81	9	2095.505156
87	9.327379053	2096.999939
68	8.246211251	2098.494721
77	8.774964387	2099.989504
82	9.055385138	2101.484286
88	9.38083152	2102.979068
90	9.486832981	2104.473851
80	8.94427191	2105.968633
81	9	2107.463416
62	7.874007874	2108.958198
92	9.591663047	2110.45298
84	9.16515139	2111.947763
76	8.717797887	2113.442545
82	9.055385138	2114.937328
77	8.774964387	2116.43211
66	8.124038405	2117.926892
79	8.888194417	2119.421675
62	7.874007874	2120.916457
77	8.774964387	2122.411239
80	8.94427191	2123.906022
64	8	2125.400804
70	8.366600265	2126.895587
67	8.185352772	2128.390369
74	8.602325267	2129.885151
64	8	2131.379934
74	8.602325267	2132.874716
60	7.745966692	2134.369499
61	7.810249676	2135.864281
71	8.426149773	2137.359063
60	7.745966692	2138.853846
58	7.615773106	2140.348628
68	8.246211251	2141.843411
67	8.185352772	2143.338193
68	8.246211251	2144.832975
79	8.888194417	2146.327758
69	8.306623863	2147.82254
67	8.185352772	2149.317322
61	7.810249676	2150.812105
60	7.745966692	2152.306887
69	8.306623863	2153.80167
68	8.246211251	2155.296452
74	8.602325267	2156.791234
69	8.306623863	2158.286017
60	7.745966692	2159.780799
63	7.937253933	2161.275582
62	7.874007874	2162.770364
76	8.717797887	2164.265146
66	8.124038405	2165.759929
70	8.366600265	2167.254711
68	8.246211251	2168.749493
77	8.774964387	2170.244276
58	7.615773106	2171.739058
72	8.485281374	2173.233841
77	8.774964387	2174.728623
68	8.246211251	2176.223405
66	8.124038405	2177.718188
57	7.549834435	2179.21297
66	8.124038405	2180.707753
67	8.185352772	2182.202535
80	8.94427191	2183.697317
71	8.426149773	2185.1921
57	7.549834435	2186.686882
64	8	2188.181665
78	8.831760866	2189.676447
55	7.416198487	2191.171229
76	8.717797887	2192.666012
63	7.937253933	2194.160794
69	8.306623863	2195.655576
60	7.745966692	2197.150359
62	7.874007874	2198.645141
67	8.185352772	2200.139924
68	8.246211251	2201.634706
75	8.660254038	2203.129488
62	7.874007874	2204.624271
72	8.485281374	2206.119053
69	8.306623863	2207.613836
66	8.124038405	2209.108618
74	8.602325267	2210.6034
68	8.246211251	2212.098183
63	7.937253933	2213.592965
55	7.416198487	2215.087747
51	7.141428429	2216.58253
74	8.602325267	2218.077312
66	8.124038405	2219.572095
50	7.071067812	2221.066877
73	8.544003745	2222.561659
61	7.810249676	2224.056442
68	8.246211251	2225.551224
62	7.874007874	2227.046007
70	8.366600265	2228.540789
74	8.602325267	2230.035571
54	7.348469228	2231.530354
66	8.124038405	2233.025136
63	7.937253933	2234.519919
50	7.071067812	2236.014701
60	7.745966692	2237.509483
73	8.544003745	2239.004266
60	7.745966692	2240.499048
76	8.717797887	2241.99383
69	8.306623863	2243.488613
63	7.937253933	2244.983395
57	7.549834435	2246.478178
61	7.810249676	2247.97296
71	8.426149773	2249.467742
74	8.602325267	2250.962525
56	7.483314774	2252.457307
67	8.185352772	2253.95209
55	7.416198487	2255.446872
69	8.306623863	2256.941654
70	8.366600265	2258.436437
81	9	2259.931219
70	8.366600265	2261.426002
65	8.062257748	2262.920784
70	8.366600265	2264.415566
67	8.185352772	2265.910349
76	8.717797887	2267.405131
65	8.062257748	2268.899913
75	8.660254038	2270.394696
55	7.416198487	2271.889478
70	8.366600265	2273.384261
60	7.745966692	2274.879043
56	7.483314774	2276.373825
63	7.937253933	2277.868608
58	7.615773106	2279.36339
57	7.549834435	2280.858173
64	8	2282.352955
58	7.615773106	2283.847737
63	7.937253933	2285.34252
61	7.810249676	2286.837302
61	7.810249676	2288.332084
74	8.602325267	2289.826867
74	8.602325267	2291.321649
74	8.602325267	2292.816432
64	8	2294.311214
72	8.485281374	2295.805996
57	7.549834435	2297.300779
63	7.937253933	2298.795561
61	7.810249676	2300.290344
61	7.810249676	2301.785126
59	7.681145748	2303.279908
64	8	2304.774691
56	7.483314774	2306.269473
81	9	2307.764256
72	8.485281374	2309.259038
52	7.211102551	2310.75382
58	7.615773106	2312.248603
66	8.124038405	2313.743385
63	7.937253933	2315.238167
61	7.810249676	2316.73295
76	8.717797887	2318.227732
61	7.810249676	2319.722515
75	8.660254038	2321.217297
67	8.185352772	2322.712079
64	8	2324.206862
72	8.485281374	2325.701644
75	8.660254038	2327.196427
61	7.810249676	2328.691209
67	8.185352772	2330.185991
71	8.426149773	2331.680774
71	8.426149773	2333.175556
61	7.810249676	2334.670338
62	7.874007874	2336.165121
66	8.124038405	2337.659903
52	7.211102551	2339.154686
57	7.549834435	2340.649468
74	8.602325267	2342.14425
65	8.062257748	2343.639033
72	8.485281374	2345.133815
75	8.660254038	2346.628598
65	8.062257748	2348.12338
70	8.366600265	2349.618162
60	7.745966692	2351.112945
63	7.937253933	2352.607727
66	8.124038405	2354.10251
70	8.366600265	2355.597292
66	8.124038405	2357.092074
76	8.717797887	2358.586857
63	7.937253933	2360.081639
72	8.485281374	2361.576421
64	8	2363.071204
66	8.124038405	2364.565986
82	9.055385138	2366.060769
57	7.549834435	2367.555551
56	7.483314774	2369.050333
65	8.062257748	2370.545116
55	7.416198487	2372.039898
72	8.485281374	2373.534681
64	8	2375.029463
63	7.937253933	2376.524245
56	7.483314774	2378.019028
56	7.483314774	2379.51381
81	9	2381.008593
64	8	2382.503375
70	8.366600265	2383.998157
61	7.810249676	2385.49294
58	7.615773106	2386.987722
52	7.211102551	2388.482504
51	7.141428429	2389.977287
54	7.348469228	2391.472069
46	6.782329983	2392.966852
55	7.416198487	2394.461634
43	6.557438524	2395.956416
52	7.211102551	2397.451199
47	6.8556546	2398.945981
56	7.483314774	2400.440764
50	7.071067812	2401.935546
44	6.633249581	2403.430328
48	6.92820323	2404.925111
45	6.708203932	2406.419893
61	7.810249676	2407.914675
44	6.633249581	2409.409458
42	6.480740698	2410.90424
44	6.633249581	2412.399023
45	6.708203932	2413.893805
44	6.633249581	2415.388587
30	5.477225575	2416.88337
38	6.164414003	2418.378152
46	6.782329983	2419.872935
54	7.348469228	2421.367717
49	7	2422.862499
39	6.244997998	2424.357282
44	6.633249581	2425.852064
53	7.280109889	2427.346847
33	5.744562647	2428.841629
52	7.211102551	2430.336411
52	7.211102551	2431.831194
32	5.656854249	2433.325976
33	5.744562647	2434.820758
41	6.403124237	2436.315541
35	5.916079783	2437.810323
47	6.8556546	2439.305106
37	6.08276253	2440.799888
35	5.916079783	2442.29467
49	7	2443.789453
47	6.8556546	2445.284235
39	6.244997998	2446.779018
42	6.480740698	2448.2738
37	6.08276253	2449.768582
32	5.656854249	2451.263365
40	6.32455532	2452.758147
38	6.164414003	2454.252929
42	6.480740698	2455.747712
50	7.071067812	2457.242494
26	5.099019514	2458.737277
43	6.557438524	2460.232059
44	6.633249581	2461.726841
27	5.196152423	2463.221624
30	5.477225575	2464.716406
40	6.32455532	2466.211189
39	6.244997998	2467.705971
40	6.32455532	2469.200753
48	6.92820323	2470.695536
37	6.08276253	2472.190318
38	6.164414003	2473.685101
30	5.477225575	2475.179883
32	5.656854249	2476.674665
24	4.898979486	2478.169448
36	6	2479.66423
33	5.744562647	2481.159012
36	6	2482.653795
27	5.196152423	2484.148577
42	6.480740698	2485.64336
30	5.477225575	2487.138142
21	4.582575695	2488.632924
37	6.08276253	2490.127707
33	5.744562647	2491.622489
34	5.830951895	2493.117272
30	5.477225575	2494.612054
29	5.385164807	2496.106836
33	5.744562647	2497.601619
27	5.196152423	2499.096401
27	5.196152423	2500.591184
38	6.164414003	2502.085966
36	6	2503.580748
26	5.099019514	2505.075531
34	5.830951895	2506.570313
33	5.744562647	2508.065095
18	4.242640687	2509.559878
38	6.164414003	2511.05466
27	5.196152423	2512.549443
30	5.477225575	2514.044225
24	4.898979486	2515.539007
32	5.656854249	2517.03379
32	5.656854249	2518.528572
35	5.916079783	2520.023355
32	5.656854249	2521.518137
24	4.898979486	2523.012919
30	5.477225575	2524.507702
23	4.795831523	2526.002484
32	5.656854249	2527.497266
29	5.385164807	2528.992049
31	5.567764363	2530.486831
28	5.291502622	2531.981614
46	6.782329983	2533.476396
36	6	2534.971178
26	5.099019514	2536.465961
38	6.164414003	2537.960743
23	4.795831523	2539.455526
28	5.291502622	2540.950308
25	5	2542.44509
26	5.099019514	2543.939873
27	5.196152423	2545.434655
32	5.656854249	2546.929438
27	5.196152423	2548.42422
29	5.385164807	2549.919002
24	4.898979486	2551.413785
30	5.477225575	2552.908567
25	5	2554.403349
29	5.385164807	2555.898132
22	4.69041576	2557.392914
23	4.795831523	2558.887697
23	4.795831523	2560.382479
27	5.196152423	2561.877261
43	6.557438524	2563.372044
42	6.480740698	2564.866826
27	5.196152423	2566.361609
27	5.196152423	2567.856391
32	5.656854249	2569.351173
29	5.385164807	2570.845956
33	5.744562647	2572.340738
29	5.385164807	2573.83552
28	5.291502622	2575.330303
33	5.744562647	2576.825085
33	5.744562647	2578.319868
32	5.656854249	2579.81465
37	6.08276253	2581.309432
43	6.557438524	2582.804215
33	5.744562647	2584.298997
49	7	2585.79378
41	6.403124237	2587.288562
51	7.141428429	2588.783344
51	7.141428429	2590.278127
53	7.280109889	2591.772909
45	6.708203932	2593.267692
60	7.745966692	2594.762474
47	6.8556546	2596.257256
63	7.937253933	2597.752039
72	8.485281374	2599.246821
68	8.246211251	2600.741603
70	8.366600265	2602.236386
85	9.219544457	2603.731168
73	8.544003745	2605.225951
100	10	2606.720733
102	10.09950494	2608.215515
96	9.797958971	2609.710298
85	9.219544457	2611.20508
85	9.219544457	2612.699863
107	10.34408043	2614.194645
90	9.486832981	2615.689427
91	9.539392014	2617.18421
97	9.848857802	2618.678992
77	8.774964387	2620.173775
69	8.306623863	2621.668557
99	9.949874371	2623.163339
79	8.888194417	2624.658122
72	8.485281374	2626.152904
80	8.94427191	2627.647686
54	7.348469228	2629.142469
55	7.416198487	2630.637251
46	6.782329983	2632.132034
57	7.549834435	2633.626816
56	7.483314774	2635.121598
38	6.164414003	2636.616381
36	6	2638.111163
37	6.08276253	2639.605946
29	5.385164807	2641.100728
21	4.582575695	2642.59551
14	3.741657387	2644.090293
15	3.872983346	2645.585075
18	4.242640687	2647.079857
9	3	2648.57464
12	3.464101615	2650.069422
8	2.828427125	2651.564205
8	2.828427125	2653.058987
18	4.242640687	2654.553769
3	1.732050808	2656.048552
5	2.236067977	2657.543334
10	3.16227766	2659.038117
9	3	2660.532899
4	2	2662.027681
4	2	2663.522464
7	2.645751311	2665.017246
6	2.449489743	2666.512029
5	2.236067977	2668.006811
6	2.449489743	2669.501593
10	3.16227766	2670.996376
6	2.449489743	2672.491158
7	2.645751311	2673.98594
3	1.732050808	2675.480723
5	2.236067977	2676.975505
7	2.645751311	2678.470288
11	3.31662479	2679.96507
6	2.449489743	2681.459852
11	3.31662479	2682.954635
4	2	2684.449417
9	3	2685.9442
8	2.828427125	2687.438982
12	3.464101615	2688.933764
8	2.828427125	2690.428547
9	3	2691.923329
9	3	2693.418111
6	2.449489743	2694.912894
8	2.828427125	2696.407676
10	3.16227766	2697.902459
6	2.449489743	2699.397241
7	2.645751311	2700.892023
8	2.828427125	2702.386806
6	2.449489743	2703.881588
6	2.449489743	2705.376371
10	3.16227766	2706.871153
7	2.645751311	2708.365935
7	2.645751311	2709.860718
7	2.645751311	2711.3555
7	2.645751311	2712.850283
3	1.732050808	2714.345065
5	2.236067977	2715.839847
4	2	2717.33463
3	1.732050808	2718.829412
7	2.645751311	2720.324194
6	2.449489743	2721.818977
10	3.16227766	2723.313759
7	2.645751311	2724.808542
4	2	2726.303324
3	1.732050808	2727.798106
3	1.732050808	2729.292889
7	2.645751311	2730.787671
7	2.645751311	2732.282454
1	1	2733.777236
4	2	2735.272018
7	2.645751311	2736.766801
3	1.732050808	2738.261583
3	1.732050808	2739.756366
8	2.828427125	2741.251148
7	2.645751311	2742.74593
10	3.16227766	2744.240713
7	2.645751311	2745.735495
3	1.732050808	2747.230277
8	2.828427125	2748.72506
7	2.645751311	2750.219842
8	2.828427125	2751.714625
8	2.828427125	2753.209407
4	2	2754.704189
8	2.828427125	2756.198972
4	2	2757.693754
3	1.732050808	2759.188537
6	2.449489743	2760.683319
2	1.414213562	2762.178101
6	2.449489743	2763.672884
8	2.828427125	2765.167666
8	2.828427125	2766.662448
3	1.732050808	2768.157231
3	1.732050808	2769.652013
10	3.16227766	2771.146796
6	2.449489743	2772.641578
8	2.828427125	2774.13636
7	2.645751311	2775.631143
5	2.236067977	2777.125925
2	1.414213562	2778.620708
5	2.236067977	2780.11549
5	2.236067977	2781.610272
5	2.236067977	2783.105055
9	3	2784.599837
1	1	2786.09462
2	1.414213562	2787.589402
4	2	2789.084184
5	2.236067977	2790.578967
4	2	2792.073749
2	1.414213562	2793.568531
4	2	2795.063314
3	1.732050808	2796.558096
3	1.732050808	2798.052879
6	2.449489743	2799.547661
8	2.828427125	2801.042443
2	1.414213562	2802.537226
6	2.449489743	2804.032008
5	2.236067977	2805.526791
5	2.236067977	2807.021573
4	2	2808.516355
8	2.828427125	2810.011138
9	3	2811.50592
7	2.645751311	2813.000702
2	1.414213562	2814.495485
4	2	2815.990267
6	2.449489743	2817.48505
5	2.236067977	2818.979832
3	1.732050808	2820.474614
4	2	2821.969397
7	2.645751311	2823.464179
5	2.236067977	2824.958962
7	2.645751311	2826.453744
1	1	2827.948526
6	2.449489743	2829.443309
11	3.31662479	2830.938091
10	3.16227766	2832.432874
4	2	2833.927656
3	1.732050808	2835.422438
7	2.645751311	2836.917221
4	2	2838.412003
3	1.732050808	2839.906785
3	1.732050808	2841.401568
1	1	2842.89635
6	2.449489743	2844.391133
5	2.236067977	2845.885915
2	1.414213562	2847.380697
4	2	2848.87548
7	2.645751311	2850.370262
0	0	2851.865045
2	1.414213562	2853.359827
8	2.828427125	2854.854609
2	1.414213562	2856.349392
1	1	2857.844174
7	2.645751311	2859.338957
9	3	2860.833739
6	2.449489743	2862.328521
6	2.449489743	2863.823304
8	2.828427125	2865.318086
3	1.732050808	2866.812868
8	2.828427125	2868.307651
1	1	2869.802433
10	3.16227766	2871.297216
7	2.645751311	2872.791998
7	2.645751311	2874.28678
5	2.236067977	2875.781563
3	1.732050808	2877.276345
11	3.31662479	2878.771128
5	2.236067977	2880.26591
4	2	2881.760692
4	2	2883.255475
8	2.828427125	2884.750257
7	2.645751311	2886.245039
2	1.414213562	2887.739822
10	3.16227766	2889.234604
4	2	2890.729387
6	2.449489743	2892.224169
3	1.732050808	2893.718951
4	2	2895.213734
7	2.645751311	2896.708516
6	2.449489743	2898.203299
5	2.236067977	2899.698081
7	2.645751311	2901.192863
4	2	2902.687646
6	2.449489743	2904.182428
4	2	2905.677211
10	3.16227766	2907.171993
9	3	2908.666775
7	2.645751311	2910.161558
8	2.828427125	2911.65634
4	2	2913.151122
6	2.449489743	2914.645905
6	2.449489743	2916.140687
2	1.414213562	2917.63547
7	2.645751311	2919.130252
4	2	2920.625034
6	2.449489743	2922.119817
1	1	2923.614599
5	2.236067977	2925.109382
12	3.464101615	2926.604164
4	2	2928.098946
4	2	2929.593729
5	2.236067977	2931.088511
4	2	2932.583293
3	1.732050808	2934.078076
7	2.645751311	2935.572858
5	2.236067977	2937.067641
5	2.236067977	2938.562423
4	2	2940.057205
3	1.732050808	2941.551988
1	1	2943.04677
3	1.732050808	2944.541553
4	2	2946.036335
4	2	2947.531117
3	1.732050808	2949.0259
4	2	2950.520682
0	0	2952.015465
5	2.236067977	2953.510247
4	2	2955.005029
1	1	2956.499812
3	1.732050808	2957.994594
2	1.414213562	2959.489376
5	2.236067977	2960.984159
3	1.732050808	2962.478941
2	1.414213562	2963.973724
2	1.414213562	2965.468506
4	2	2966.963288
1	1	2968.458071
3	1.732050808	2969.952853
4	2	2971.447636
4	2	2972.942418
4	2	2974.4372
1	1	2975.931983
6	2.449489743	2977.426765
6	2.449489743	2978.921548
4	2	2980.41633
3	1.732050808	2981.911112
4	2	2983.405895
6	2.449489743	2984.900677
3	1.732050808	2986.395459
4	2	2987.890242
3	1.732050808	2989.385024
3	1.732050808	2990.879807
5	2.236067977	2992.374589
5	2.236067977	2993.869371
2	1.414213562	2995.364154
5	2.236067977	2996.858936
18	4.242640687	2998.353719
5	2.236067977	2999.848501
11	3.31662479	3001.343283
16	4	3002.838066
12	3.464101615	3004.332848
14	3.741657387	3005.82763
7	2.645751311	3007.322413
5	2.236067977	3008.817195
7	2.645751311	3010.311978
2	1.414213562	3011.80676
2	1.414213562	3013.301542
6	2.449489743	3014.796325
6	2.449489743	3016.291107
1	1	3017.78589
3	1.732050808	3019.280672
5	2.236067977	3020.775454
4	2	3022.270237
4	2	3023.765019
4	2	3025.259802
4	2	3026.754584
5	2.236067977	3028.249366
3	1.732050808	3029.744149
4	2	3031.238931
1	1	3032.733713
6	2.449489743	3034.228496
3	1.732050808	3035.723278
4	2	3037.218061
1	1	3038.712843
2	1.414213562	3040.207625
2	1.414213562	3041.702408
2	1.414213562	3043.19719
5	2.236067977	3044.691973
4	2	3046.186755
3	1.732050808	3047.681537
2	1.414213562	3049.17632
2	1.414213562	3050.671102
2	1.414213562	3052.165884
4	2	3053.660667
7	2.645751311	3055.155449
1	1	3056.650232
1	1	3058.145014
1	1	3059.639796
4	2	3061.134579
5	2.236067977	3062.629361
3	1.732050808	3064.124144
2	1.414213562	3065.618926
