0	0	5.799378753
0	0	7.29416114
0	0	8.788943528
0	0	10.28372592
0	0	11.7785083
0	0	13.27329069
0	0	14.76807308
0	0	16.26285547
0	0	17.75763785
0	0	19.25242024
0	0	20.74720263
0	0	22.24198502
0	0	23.7367674
0	0	25.23154979
0	0	26.72633218
0	0	28.22111457
0	0	29.71589695
0	0	31.21067934
0	0	32.70546173
0	0	34.20024412
0	0	35.6950265
0	0	37.18980889
0	0	38.68459128
0	0	40.17937367
0	0	41.67415605
0	0	43.16893844
0	0	44.66372083
0	0	46.15850322
0	0	47.6532856
0	0	49.14806799
0	0	50.64285038
1	1	52.13763277
0	0	53.63241515
38	6.164414003	55.12719754
248	15.74801575	56.62197993
347	18.62793601	58.11676232
377	19.41648784	59.6115447
382	19.54482029	61.10632709
408	20.19900988	62.60110948
357	18.89444363	64.09589187
369	19.20937271	65.59067425
382	19.54482029	67.08545664
386	19.6468827	68.58023903
385	19.62141687	70.07502142
392	19.79898987	71.5698038
400	20	73.06458619
396	19.89974874	74.55936858
444	21.07130751	76.05415097
436	20.88061302	77.54893335
391	19.77371993	79.04371574
414	20.34698995	80.53849813
400	20	82.03328052
390	19.74841766	83.5280629
426	20.63976744	85.02284529
404	20.09975124	86.51762768
418	20.4450483	88.01241007
428	20.68816087	89.50719245
446	21.11871208	91.00197484
424	20.59126028	92.49675723
406	20.14944168	93.99153962
456	21.3541565	95.486322
436	20.88061302	96.98110439
453	21.28379665	98.47588678
479	21.88606863	99.97066917
441	21	101.4654516
440	20.97617696	102.9602339
478	21.86321111	104.4550163
444	21.07130751	105.9497987
443	21.04756518	107.4445811
468	21.63330765	108.9393635
449	21.1896201	110.4341459
484	22	111.9289283
404	20.09975124	113.4237107
416	20.39607805	114.918493
442	21.02379604	116.4132754
453	21.28379665	117.9080578
481	21.9317122	119.4028402
468	21.63330765	120.8976226
415	20.37154879	122.392405
442	21.02379604	123.8871874
414	20.34698995	125.3819698
413	20.32240143	126.8767521
436	20.88061302	128.3715345
405	20.1246118	129.8663169
458	21.40093456	131.3610993
412	20.29778313	132.8558817
400	20	134.3506641
389	19.72308292	135.8454465
416	20.39607805	137.3402289
411	20.27313493	138.8350112
404	20.09975124	140.3297936
389	19.72308292	141.824576
401	20.02498439	143.3193584
431	20.76053949	144.8141408
392	19.79898987	146.3089232
392	19.79898987	147.8037056
387	19.67231557	149.298488
417	20.42057786	150.7932703
354	18.81488772	152.2880527
389	19.72308292	153.7828351
405	20.1246118	155.2776175
357	18.89444363	156.7723999
390	19.74841766	158.2671823
371	19.26136028	159.7619647
398	19.94993734	161.2567471
376	19.39071943	162.7515294
368	19.18332609	164.2463118
321	17.91647287	165.7410942
363	19.05255888	167.2358766
352	18.76166304	168.730659
380	19.49358869	170.2254414
371	19.26136028	171.7202238
369	19.20937271	173.2150062
343	18.52025918	174.7097885
364	19.07878403	176.2045709
318	17.8325545	177.6993533
337	18.35755975	179.1941357
393	19.8242276	180.6889181
361	19	182.1837005
339	18.41195264	183.6784829
358	18.92088793	185.1732653
410	20.24845673	186.6680476
335	18.30300522	188.16283
379	19.46792233	189.6576124
337	18.35755975	191.1523948
372	19.28730152	192.6471772
355	18.84144368	194.1419596
321	17.91647287	195.636742
339	18.41195264	197.1315244
356	18.86796226	198.6263067
357	18.89444363	200.1210891
343	18.52025918	201.6158715
343	18.52025918	203.1106539
343	18.52025918	204.6054363
332	18.22086716	206.1002187
356	18.86796226	207.5950011
344	18.54723699	209.0897835
322	17.94435844	210.5845658
346	18.60107524	212.0793482
319	17.8605711	213.5741306
315	17.74823935	215.068913
335	18.30300522	216.5636954
341	18.46618531	218.0584778
344	18.54723699	219.5532602
332	18.22086716	221.0480426
335	18.30300522	222.5428249
336	18.33030278	224.0376073
315	17.74823935	225.5323897
337	18.35755975	227.0271721
312	17.66352173	228.5219545
343	18.52025918	230.0167369
330	18.16590212	231.5115193
283	16.82260384	233.0063017
323	17.97220076	234.501084
341	18.46618531	235.9958664
328	18.11077028	237.4906488
279	16.70329309	238.9854312
356	18.86796226	240.4802136
338	18.38477631	241.974996
370	19.23538406	243.4697784
302	17.3781472	244.9645608
302	17.3781472	246.4593431
293	17.11724277	247.9541255
323	17.97220076	249.4489079
296	17.20465053	250.9436903
277	16.64331698	252.4384727
316	17.77638883	253.9332551
305	17.4642492	255.4280375
281	16.76305461	256.9228199
296	17.20465053	258.4176022
300	17.32050808	259.9123846
284	16.85229955	261.407167
289	17	262.9019494
275	16.58312395	264.3967318
281	16.76305461	265.8915142
280	16.73320053	267.3862966
297	17.23368794	268.881079
279	16.70329309	270.3758613
275	16.58312395	271.8706437
292	17.08800749	273.3654261
263	16.21727474	274.8602085
246	15.68438714	276.3549909
269	16.40121947	277.8497733
294	17.1464282	279.3445557
280	16.73320053	280.8393381
266	16.30950643	282.3341204
289	17	283.8289028
289	17	285.3236852
276	16.61324773	286.8184676
281	16.76305461	288.31325
287	16.94107435	289.8080324
259	16.09347694	291.3028148
265	16.2788206	292.7975972
297	17.23368794	294.2923795
298	17.2626765	295.7871619
280	16.73320053	297.2819443
289	17	298.7767267
247	15.71623365	300.2715091
270	16.43167673	301.7662915
274	16.55294536	303.2610739
289	17	304.7558563
245	15.65247584	306.2506386
239	15.45962483	307.745421
271	16.46207763	309.2402034
271	16.46207763	310.7349858
254	15.93737745	312.2297682
260	16.1245155	313.7245506
226	15.03329638	315.219333
244	15.62049935	316.7141154
242	15.55634919	318.2088977
298	17.2626765	319.7036801
250	15.8113883	321.1984625
239	15.45962483	322.6932449
264	16.24807681	324.1880273
269	16.40121947	325.6828097
263	16.21727474	327.1775921
243	15.58845727	328.6723745
274	16.55294536	330.1671568
256	16	331.6619392
281	16.76305461	333.1567216
231	15.19868415	334.651504
242	15.55634919	336.1462864
231	15.19868415	337.6410688
245	15.65247584	339.1358512
289	17	340.6306336
244	15.62049935	342.1254159
268	16.37070554	343.6201983
241	15.5241747	345.1149807
248	15.74801575	346.6097631
243	15.58845727	348.1045455
274	16.55294536	349.5993279
253	15.90597372	351.0941103
291	17.05872211	352.5888927
265	16.2788206	354.083675
265	16.2788206	355.5784574
264	16.24807681	357.0732398
242	15.55634919	358.5680222
289	17	360.0628046
264	16.24807681	361.557587
257	16.03121954	363.0523694
256	16	364.5471518
248	15.74801575	366.0419341
258	16.0623784	367.5367165
250	15.8113883	369.0314989
259	16.09347694	370.5262813
215	14.6628783	372.0210637
233	15.26433752	373.5158461
232	15.23154621	375.0106285
256	16	376.5054109
268	16.37070554	378.0001932
255	15.96871942	379.4949756
248	15.74801575	380.989758
263	16.21727474	382.4845404
262	16.18641406	383.9793228
268	16.37070554	385.4741052
255	15.96871942	386.9688876
265	16.2788206	388.46367
245	15.65247584	389.9584523
251	15.84297952	391.4532347
288	16.97056275	392.9480171
261	16.15549442	394.4427995
247	15.71623365	395.9375819
256	16	397.4323643
239	15.45962483	398.9271467
261	16.15549442	400.4219291
244	15.62049935	401.9167114
277	16.64331698	403.4114938
274	16.55294536	404.9062762
252	15.87450787	406.4010586
240	15.49193338	407.895841
257	16.03121954	409.3906234
257	16.03121954	410.8854058
237	15.39480432	412.3801882
264	16.24807681	413.8749705
283	16.82260384	415.3697529
268	16.37070554	416.8645353
249	15.77973384	418.3593177
267	16.34013464	419.8541001
261	16.15549442	421.3488825
252	15.87450787	422.8436649
281	16.76305461	424.3384473
308	17.54992877	425.8332296
265	16.2788206	427.328012
251	15.84297952	428.8227944
273	16.52271164	430.3175768
308	17.54992877	431.8123592
294	17.1464282	433.3071416
311	17.63519209	434.801924
297	17.23368794	436.2967064
267	16.34013464	437.7914887
294	17.1464282	439.2862711
286	16.91153453	440.7810535
298	17.2626765	442.2758359
320	17.88854382	443.7706183
305	17.4642492	445.2654007
289	17	446.7601831
306	17.49285568	448.2549655
305	17.4642492	449.7497478
304	17.43559577	451.2445302
337	18.35755975	452.7393126
309	17.57839583	454.234095
306	17.49285568	455.7288774
325	18.02775638	457.2236598
318	17.8325545	458.7184422
318	17.8325545	460.2132246
351	18.734994	461.7080069
324	18	463.2027893
317	17.80449381	464.6975717
311	17.63519209	466.1923541
328	18.11077028	467.6871365
332	18.22086716	469.1819189
315	17.74823935	470.6767013
321	17.91647287	472.1714837
286	16.91153453	473.666266
307	17.52141547	475.1610484
289	17	476.6558308
305	17.4642492	478.1506132
266	16.30950643	479.6453956
290	17.02938637	481.140178
282	16.79285562	482.6349604
260	16.1245155	484.1297428
249	15.77973384	485.6245251
231	15.19868415	487.1193075
213	14.59451952	488.6140899
249	15.77973384	490.1088723
201	14.17744688	491.6036547
214	14.62873884	493.0984371
205	14.31782106	494.5932195
202	14.2126704	496.0880019
191	13.82027496	497.5827842
188	13.7113092	499.0775666
191	13.82027496	500.572349
193	13.89244399	502.0671314
175	13.22875656	503.5619138
174	13.19090596	505.0566962
176	13.26649916	506.5514786
169	13	508.046261
234	15.29705854	509.5410433
220	14.83239697	511.0358257
202	14.2126704	512.5306081
198	14.07124728	514.0253905
202	14.2126704	515.5201729
183	13.52774926	517.0149553
177	13.3041347	518.5097377
169	13	520.0045201
181	13.45362405	521.4993024
183	13.52774926	522.9940848
171	13.07669683	524.4888672
140	11.83215957	525.9836496
139	11.78982612	527.478432
129	11.35781669	528.9732144
116	10.77032961	530.4679968
150	12.24744871	531.9627792
108	10.39230485	533.4575615
102	10.09950494	534.9523439
114	10.67707825	536.4471263
127	11.26942767	537.9419087
134	11.5758369	539.4366911
105	10.24695077	540.9314735
114	10.67707825	542.4262559
126	11.22497216	543.9210383
111	10.53565375	545.4158206
100	10	546.910603
109	10.44030651	548.4053854
99	9.949874371	549.9001678
106	10.29563014	551.3949502
91	9.539392014	552.8897326
101	10.04987562	554.384515
94	9.695359715	555.8792974
86	9.273618495	557.3740797
73	8.544003745	558.8688621
89	9.433981132	560.3636445
94	9.695359715	561.8584269
83	9.110433579	563.3532093
99	9.949874371	564.8479917
86	9.273618495	566.3427741
91	9.539392014	567.8375565
116	10.77032961	569.3323388
94	9.695359715	570.8271212
82	9.055385138	572.3219036
100	10	573.816686
87	9.327379053	575.3114684
85	9.219544457	576.8062508
94	9.695359715	578.3010332
83	9.110433579	579.7958156
86	9.273618495	581.2905979
109	10.44030651	582.7853803
90	9.486832981	584.2801627
88	9.38083152	585.7749451
99	9.949874371	587.2697275
107	10.34408043	588.7645099
112	10.58300524	590.2592923
86	9.273618495	591.7540747
88	9.38083152	593.248857
95	9.746794345	594.7436394
94	9.695359715	596.2384218
101	10.04987562	597.7332042
108	10.39230485	599.2279866
105	10.24695077	600.722769
104	10.19803903	602.2175514
102	10.09950494	603.7123338
102	10.09950494	605.2071161
88	9.38083152	606.7018985
110	10.48808848	608.1966809
106	10.29563014	609.6914633
117	10.81665383	611.1862457
111	10.53565375	612.6810281
108	10.39230485	614.1758105
121	11	615.6705929
118	10.86278049	617.1653752
128	11.3137085	618.6601576
102	10.09950494	620.15494
95	9.746794345	621.6497224
91	9.539392014	623.1445048
91	9.539392014	624.6392872
89	9.433981132	626.1340696
91	9.539392014	627.628852
84	9.16515139	629.1236343
87	9.327379053	630.6184167
84	9.16515139	632.1131991
86	9.273618495	633.6079815
103	10.14889157	635.1027639
92	9.591663047	636.5975463
87	9.327379053	638.0923287
85	9.219544457	639.5871111
100	10	641.0818934
102	10.09950494	642.5766758
127	11.26942767	644.0714582
133	11.53256259	645.5662406
151	12.28820573	647.061023
197	14.03566885	648.5558054
240	15.49193338	650.0505878
377	19.41648784	651.5453702
476	21.81742423	653.0401525
644	25.37715508	654.5349349
804	28.35489376	656.0297173
1007	31.73326331	657.5244997
1172	34.23448554	659.0192821
1312	36.22154055	660.5140645
1467	38.301436	662.0088469
1574	39.67366885	663.5036293
1696	41.18252056	664.9984116
1633	40.4103947	666.493194
1531	39.12799509	667.9879764
1414	37.60319135	669.4827588
1249	35.34119409	670.9775412
1007	31.73326331	672.4723236
809	28.44292531	673.967106
646	25.41653005	675.4618884
513	22.64950331	676.9566707
402	20.04993766	678.4514531
299	17.29161647	679.9462355
223	14.93318452	681.4410179
157	12.52996409	682.9358003
122	11.04536102	684.4305827
100	10	685.9253651
75	8.660254038	687.4201475
62	7.874007874	688.9149298
40	6.32455532	690.4097122
53	7.280109889	691.9044946
42	6.480740698	693.399277
49	7	694.8940594
47	6.8556546	696.3888418
43	6.557438524	697.8836242
38	6.164414003	699.3784066
55	7.416198487	700.8731889
38	6.164414003	702.3679713
42	6.480740698	703.8627537
47	6.8556546	705.3575361
47	6.8556546	706.8523185
41	6.403124237	708.3471009
48	6.92820323	709.8418833
34	5.830951895	711.3366657
40	6.32455532	712.831448
37	6.08276253	714.3262304
35	5.916079783	715.8210128
41	6.403124237	717.3157952
38	6.164414003	718.8105776
28	5.291502622	720.30536
51	7.141428429	721.8001424
34	5.830951895	723.2949248
40	6.32455532	724.7897071
53	7.280109889	726.2844895
36	6	727.7792719
30	5.477225575	729.2740543
37	6.08276253	730.7688367
37	6.08276253	732.2636191
52	7.211102551	733.7584015
31	5.567764363	735.2531839
40	6.32455532	736.7479662
45	6.708203932	738.2427486
42	6.480740698	739.737531
46	6.782329983	741.2323134
54	7.348469228	742.7270958
40	6.32455532	744.2218782
32	5.656854249	745.7166606
44	6.633249581	747.211443
44	6.633249581	748.7062253
43	6.557438524	750.2010077
39	6.244997998	751.6957901
31	5.567764363	753.1905725
41	6.403124237	754.6853549
41	6.403124237	756.1801373
49	7	757.6749197
48	6.92820323	759.1697021
54	7.348469228	760.6644844
48	6.92820323	762.1592668
52	7.211102551	763.6540492
45	6.708203932	765.1488316
41	6.403124237	766.643614
57	7.549834435	768.1383964
48	6.92820323	769.6331788
42	6.480740698	771.1279612
42	6.480740698	772.6227435
45	6.708203932	774.1175259
53	7.280109889	775.6123083
51	7.141428429	777.1070907
50	7.071067812	778.6018731
42	6.480740698	780.0966555
50	7.071067812	781.5914379
41	6.403124237	783.0862203
50	7.071067812	784.5810026
44	6.633249581	786.075785
51	7.141428429	787.5705674
45	6.708203932	789.0653498
53	7.280109889	790.5601322
42	6.480740698	792.0549146
48	6.92820323	793.549697
48	6.92820323	795.0444794
47	6.8556546	796.5392617
48	6.92820323	798.0340441
50	7.071067812	799.5288265
43	6.557438524	801.0236089
43	6.557438524	802.5183913
41	6.403124237	804.0131737
48	6.92820323	805.5079561
52	7.211102551	807.0027385
47	6.8556546	808.4975208
59	7.681145748	809.9923032
43	6.557438524	811.4870856
47	6.8556546	812.981868
47	6.8556546	814.4766504
45	6.708203932	815.9714328
50	7.071067812	817.4662152
43	6.557438524	818.9609976
62	7.874007874	820.4557799
57	7.549834435	821.9505623
43	6.557438524	823.4453447
45	6.708203932	824.9401271
46	6.782329983	826.4349095
64	8	827.9296919
50	7.071067812	829.4244743
53	7.280109889	830.9192567
44	6.633249581	832.414039
46	6.782329983	833.9088214
46	6.782329983	835.4036038
41	6.403124237	836.8983862
47	6.8556546	838.3931686
53	7.280109889	839.887951
55	7.416198487	841.3827334
67	8.185352772	842.8775158
68	8.246211251	844.3722981
44	6.633249581	845.8670805
60	7.745966692	847.3618629
58	7.615773106	848.8566453
57	7.549834435	850.3514277
46	6.782329983	851.8462101
47	6.8556546	853.3409925
49	7	854.8357749
49	7	856.3305572
48	6.92820323	857.8253396
70	8.366600265	859.320122
56	7.483314774	860.8149044
66	8.124038405	862.3096868
57	7.549834435	863.8044692
56	7.483314774	865.2992516
47	6.8556546	866.794034
61	7.810249676	868.2888163
55	7.416198487	869.7835987
57	7.549834435	871.2783811
59	7.681145748	872.7731635
54	7.348469228	874.2679459
49	7	875.7627283
72	8.485281374	877.2575107
56	7.483314774	878.7522931
61	7.810249676	880.2470754
55	7.416198487	881.7418578
55	7.416198487	883.2366402
71	8.426149773	884.7314226
58	7.615773106	886.226205
65	8.062257748	887.7209874
61	7.810249676	889.2157698
55	7.416198487	890.7105522
63	7.937253933	892.2053345
73	8.544003745	893.7001169
51	7.141428429	895.1948993
57	7.549834435	896.6896817
56	7.483314774	898.1844641
71	8.426149773	899.6792465
49	7	901.1740289
56	7.483314774	902.6688113
40	6.32455532	904.1635936
63	7.937253933	905.658376
53	7.280109889	907.1531584
56	7.483314774	908.6479408
61	7.810249676	910.1427232
58	7.615773106	911.6375056
45	6.708203932	913.132288
51	7.141428429	914.6270704
47	6.8556546	916.1218527
55	7.416198487	917.6166351
43	6.557438524	919.1114175
44	6.633249581	920.6061999
48	6.92820323	922.1009823
47	6.8556546	923.5957647
44	6.633249581	925.0905471
36	6	926.5853295
47	6.8556546	928.0801118
39	6.244997998	929.5748942
36	6	931.0696766
42	6.480740698	932.564459
38	6.164414003	934.0592414
38	6.164414003	935.5540238
35	5.916079783	937.0488062
38	6.164414003	938.5435886
30	5.477225575	940.0383709
35	5.916079783	941.5331533
30	5.477225575	943.0279357
30	5.477225575	944.5227181
32	5.656854249	946.0175005
30	5.477225575	947.5122829
36	6	949.0070653
22	4.69041576	950.5018477
35	5.916079783	951.99663
37	6.08276253	953.4914124
33	5.744562647	954.9861948
25	5	956.4809772
32	5.656854249	957.9757596
30	5.477225575	959.470542
30	5.477225575	960.9653244
40	6.32455532	962.4601068
31	5.567764363	963.9548891
36	6	965.4496715
25	5	966.9444539
30	5.477225575	968.4392363
34	5.830951895	969.9340187
21	4.582575695	971.4288011
32	5.656854249	972.9235835
23	4.795831523	974.4183659
25	5	975.9131482
16	4	977.4079306
20	4.472135955	978.902713
20	4.472135955	980.3974954
23	4.795831523	981.8922778
23	4.795831523	983.3870602
16	4	984.8818426
21	4.582575695	986.376625
18	4.242640687	987.8714073
32	5.656854249	989.3661897
19	4.358898944	990.8609721
21	4.582575695	992.3557545
22	4.69041576	993.8505369
17	4.123105626	995.3453193
20	4.472135955	996.8401017
20	4.472135955	998.3348841
12	3.464101615	999.8296664
17	4.123105626	1001.324449
21	4.582575695	1002.819231
12	3.464101615	1004.314014
17	4.123105626	1005.808796
18	4.242640687	1007.303578
26	5.099019514	1008.798361
16	4	1010.293143
11	3.31662479	1011.787926
17	4.123105626	1013.282708
13	3.605551275	1014.77749
18	4.242640687	1016.272273
16	4	1017.767055
13	3.605551275	1019.261837
18	4.242640687	1020.75662
11	3.31662479	1022.251402
13	3.605551275	1023.746185
13	3.605551275	1025.240967
11	3.31662479	1026.735749
13	3.605551275	1028.230532
14	3.741657387	1029.725314
13	3.605551275	1031.220097
13	3.605551275	1032.714879
13	3.605551275	1034.209661
11	3.31662479	1035.704444
9	3	1037.199226
13	3.605551275	1038.694009
10	3.16227766	1040.188791
13	3.605551275	1041.683573
13	3.605551275	1043.178356
13	3.605551275	1044.673138
12	3.464101615	1046.16792
6	2.449489743	1047.662703
9	3	1049.157485
8	2.828427125	1050.652268
7	2.645751311	1052.14705
14	3.741657387	1053.641832
15	3.872983346	1055.136615
11	3.31662479	1056.631397
6	2.449489743	1058.12618
8	2.828427125	1059.620962
7	2.645751311	1061.115744
11	3.31662479	1062.610527
9	3	1064.105309
12	3.464101615	1065.600091
7	2.645751311	1067.094874
12	3.464101615	1068.589656
10	3.16227766	1070.084439
10	3.16227766	1071.579221
7	2.645751311	1073.074003
14	3.741657387	1074.568786
16	4	1076.063568
7	2.645751311	1077.558351
8	2.828427125	1079.053133
8	2.828427125	1080.547915
10	3.16227766	1082.042698
8	2.828427125	1083.53748
9	3	1085.032263
13	3.605551275	1086.527045
8	2.828427125	1088.021827
13	3.605551275	1089.51661
11	3.31662479	1091.011392
21	4.582575695	1092.506174
14	3.741657387	1094.000957
16	4	1095.495739
21	4.582575695	1096.990522
22	4.69041576	1098.485304
36	6	1099.980086
33	5.744562647	1101.474869
44	6.633249581	1102.969651
58	7.615773106	1104.464434
94	9.695359715	1105.959216
135	11.61895004	1107.453998
148	12.16552506	1108.948781
198	14.07124728	1110.443563
214	14.62873884	1111.938346
225	15	1113.433128
247	15.71623365	1114.92791
269	16.40121947	1116.422693
281	16.76305461	1117.917475
293	17.11724277	1119.412257
282	16.79285562	1120.90704
259	16.09347694	1122.401822
272	16.4924225	1123.896605
242	15.55634919	1125.391387
173	13.15294644	1126.886169
160	12.64911064	1128.380952
143	11.95826074	1129.875734
105	10.24695077	1131.370517
75	8.660254038	1132.865299
65	8.062257748	1134.360081
53	7.280109889	1135.854864
36	6	1137.349646
23	4.795831523	1138.844428
19	4.358898944	1140.339211
13	3.605551275	1141.833993
9	3	1143.328776
10	3.16227766	1144.823558
7	2.645751311	1146.31834
9	3	1147.813123
7	2.645751311	1149.307905
3	1.732050808	1150.802688
4	2	1152.29747
6	2.449489743	1153.792252
3	1.732050808	1155.287035
3	1.732050808	1156.781817
1	1	1158.2766
4	2	1159.771382
4	2	1161.266164
3	1.732050808	1162.760947
3	1.732050808	1164.255729
5	2.236067977	1165.750511
4	2	1167.245294
1	1	1168.740076
4	2	1170.234859
5	2.236067977	1171.729641
3	1.732050808	1173.224423
1	1	1174.719206
4	2	1176.213988
3	1.732050808	1177.708771
7	2.645751311	1179.203553
3	1.732050808	1180.698335
6	2.449489743	1182.193118
3	1.732050808	1183.6879
2	1.414213562	1185.182682
0	0	1186.677465
3	1.732050808	1188.172247
5	2.236067977	1189.66703
3	1.732050808	1191.161812
4	2	1192.656594
2	1.414213562	1194.151377
3	1.732050808	1195.646159
2	1.414213562	1197.140942
0	0	1198.635724
3	1.732050808	1200.130506
3	1.732050808	1201.625289
2	1.414213562	1203.120071
2	1.414213562	1204.614854
3	1.732050808	1206.109636
5	2.236067977	1207.604418
1	1	1209.099201
4	2	1210.593983
3	1.732050808	1212.088765
5	2.236067977	1213.583548
3	1.732050808	1215.07833
1	1	1216.573113
4	2	1218.067895
3	1.732050808	1219.562677
0	0	1221.05746
6	2.449489743	1222.552242
2	1.414213562	1224.047025
2	1.414213562	1225.541807
4	2	1227.036589
2	1.414213562	1228.531372
0	0	1230.026154
1	1	1231.520937
1	1	1233.015719
6	2.449489743	1234.510501
3	1.732050808	1236.005284
3	1.732050808	1237.500066
2	1.414213562	1238.994848
1	1	1240.489631
1	1	1241.984413
4	2	1243.479196
2	1.414213562	1244.973978
4	2	1246.46876
2	1.414213562	1247.963543
3	1.732050808	1249.458325
3	1.732050808	1250.953108
3	1.732050808	1252.44789
3	1.732050808	1253.942672
1	1	1255.437455
1	1	1256.932237
2	1.414213562	1258.427019
2	1.414213562	1259.921802
1	1	1261.416584
4	2	1262.911367
4	2	1264.406149
1	1	1265.900931
0	0	1267.395714
2	1.414213562	1268.890496
4	2	1270.385279
2	1.414213562	1271.880061
2	1.414213562	1273.374843
1	1	1274.869626
3	1.732050808	1276.364408
2	1.414213562	1277.859191
2	1.414213562	1279.353973
1	1	1280.848755
4	2	1282.343538
6	2.449489743	1283.83832
3	1.732050808	1285.333102
8	2.828427125	1286.827885
2	1.414213562	1288.322667
2	1.414213562	1289.81745
3	1.732050808	1291.312232
2	1.414213562	1292.807014
2	1.414213562	1294.301797
5	2.236067977	1295.796579
0	0	1297.291362
2	1.414213562	1298.786144
2	1.414213562	1300.280926
4	2	1301.775709
2	1.414213562	1303.270491
2	1.414213562	1304.765273
5	2.236067977	1306.260056
3	1.732050808	1307.754838
1	1	1309.249621
0	0	1310.744403
6	2.449489743	1312.239185
3	1.732050808	1313.733968
0	0	1315.22875
1	1	1316.723533
1	1	1318.218315
2	1.414213562	1319.713097
4	2	1321.20788
3	1.732050808	1322.702662
4	2	1324.197445
2	1.414213562	1325.692227
4	2	1327.187009
3	1.732050808	1328.681792
2	1.414213562	1330.176574
4	2	1331.671356
3	1.732050808	1333.166139
4	2	1334.660921
4	2	1336.155704
5	2.236067977	1337.650486
3	1.732050808	1339.145268
6	2.449489743	1340.640051
1	1	1342.134833
6	2.449489743	1343.629616
0	0	1345.124398
1	1	1346.61918
3	1.732050808	1348.113963
3	1.732050808	1349.608745
3	1.732050808	1351.103528
2	1.414213562	1352.59831
2	1.414213562	1354.093092
4	2	1355.587875
4	2	1357.082657
2	1.414213562	1358.577439
5	2.236067977	1360.072222
2	1.414213562	1361.567004
1	1	1363.061787
2	1.414213562	1364.556569
1	1	1366.051351
5	2.236067977	1367.546134
3	1.732050808	1369.040916
2	1.414213562	1370.535699
4	2	1372.030481
1	1	1373.525263
3	1.732050808	1375.020046
1	1	1376.514828
5	2.236067977	1378.00961
4	2	1379.504393
6	2.449489743	1380.999175
7	2.645751311	1382.493958
3	1.732050808	1383.98874
5	2.236067977	1385.483522
1	1	1386.978305
0	0	1388.473087
1	1	1389.96787
4	2	1391.462652
1	1	1392.957434
3	1.732050808	1394.452217
3	1.732050808	1395.946999
5	2.236067977	1397.441782
0	0	1398.936564
1	1	1400.431346
1	1	1401.926129
1	1	1403.420911
5	2.236067977	1404.915693
5	2.236067977	1406.410476
3	1.732050808	1407.905258
3	1.732050808	1409.400041
2	1.414213562	1410.894823
3	1.732050808	1412.389605
3	1.732050808	1413.884388
3	1.732050808	1415.37917
1	1	1416.873953
1	1	1418.368735
2	1.414213562	1419.863517
2	1.414213562	1421.3583
3	1.732050808	1422.853082
3	1.732050808	1424.347864
1	1	1425.842647
2	1.414213562	1427.337429
2	1.414213562	1428.832212
2	1.414213562	1430.326994
1	1	1431.821776
3	1.732050808	1433.316559
3	1.732050808	1434.811341
1	1	1436.306124
3	1.732050808	1437.800906
4	2	1439.295688
3	1.732050808	1440.790471
5	2.236067977	1442.285253
1	1	1443.780036
4	2	1445.274818
4	2	1446.7696
2	1.414213562	1448.264383
3	1.732050808	1449.759165
0	0	1451.253947
2	1.414213562	1452.74873
2	1.414213562	1454.243512
5	2.236067977	1455.738295
4	2	1457.233077
1	1	1458.727859
3	1.732050808	1460.222642
5	2.236067977	1461.717424
5	2.236067977	1463.212207
3	1.732050808	1464.706989
3	1.732050808	1466.201771
4	2	1467.696554
3	1.732050808	1469.191336
2	1.414213562	1470.686119
3	1.732050808	1472.180901
1	1	1473.675683
2	1.414213562	1475.170466
1	1	1476.665248
1	1	1478.16003
0	0	1479.654813
3	1.732050808	1481.149595
3	1.732050808	1482.644378
1	1	1484.13916
2	1.414213562	1485.633942
2	1.414213562	1487.128725
2	1.414213562	1488.623507
0	0	1490.11829
5	2.236067977	1491.613072
1	1	1493.107854
0	0	1494.602637
1	1	1496.097419
3	1.732050808	1497.592201
4	2	1499.086984
4	2	1500.581766
7	2.645751311	1502.076549
5	2.236067977	1503.571331
1	1	1505.066113
4	2	1506.560896
2	1.414213562	1508.055678
2	1.414213562	1509.550461
2	1.414213562	1511.045243
5	2.236067977	1512.540025
3	1.732050808	1514.034808
4	2	1515.52959
2	1.414213562	1517.024373
5	2.236067977	1518.519155
3	1.732050808	1520.013937
3	1.732050808	1521.50872
2	1.414213562	1523.003502
1	1	1524.498284
2	1.414213562	1525.993067
0	0	1527.487849
1	1	1528.982632
2	1.414213562	1530.477414
0	0	1531.972196
1	1	1533.466979
0	0	1534.961761
3	1.732050808	1536.456544
0	0	1537.951326
1	1	1539.446108
3	1.732050808	1540.940891
0	0	1542.435673
1	1	1543.930456
1	1	1545.425238
1	1	1546.92002
1	1	1548.414803
3	1.732050808	1549.909585
2	1.414213562	1551.404367
0	0	1552.89915
1	1	1554.393932
3	1.732050808	1555.888715
2	1.414213562	1557.383497
1	1	1558.878279
0	0	1560.373062
3	1.732050808	1561.867844
3	1.732050808	1563.362627
2	1.414213562	1564.857409
5	2.236067977	1566.352191
2	1.414213562	1567.846974
1	1	1569.341756
5	2.236067977	1570.836538
2	1.414213562	1572.331321
3	1.732050808	1573.826103
1	1	1575.320886
2	1.414213562	1576.815668
2	1.414213562	1578.31045
1	1	1579.805233
3	1.732050808	1581.300015
0	0	1582.794798
2	1.414213562	1584.28958
2	1.414213562	1585.784362
1	1	1587.279145
1	1	1588.773927
4	2	1590.26871
2	1.414213562	1591.763492
1	1	1593.258274
3	1.732050808	1594.753057
6	2.449489743	1596.247839
0	0	1597.742621
1	1	1599.237404
0	0	1600.732186
0	0	1602.226969
2	1.414213562	1603.721751
2	1.414213562	1605.216533
1	1	1606.711316
0	0	1608.206098
0	0	1609.700881
0	0	1611.195663
0	0	1612.690445
1	1	1614.185228
2	1.414213562	1615.68001
2	1.414213562	1617.174792
0	0	1618.669575
3	1.732050808	1620.164357
1	1	1621.65914
0	0	1623.153922
1	1	1624.648704
2	1.414213562	1626.143487
4	2	1627.638269
1	1	1629.133052
2	1.414213562	1630.627834
1	1	1632.122616
0	0	1633.617399
1	1	1635.112181
2	1.414213562	1636.606964
1	1	1638.101746
0	0	1639.596528
2	1.414213562	1641.091311
6	2.449489743	1642.586093
1	1	1644.080875
1	1	1645.575658
0	0	1647.07044
1	1	1648.565223
2	1.414213562	1650.060005
4	2	1651.554787
5	2.236067977	1653.04957
0	0	1654.544352
2	1.414213562	1656.039135
1	1	1657.533917
2	1.414213562	1659.028699
2	1.414213562	1660.523482
0	0	1662.018264
4	2	1663.513047
0	0	1665.007829
0	0	1666.502611
0	0	1667.997394
3	1.732050808	1669.492176
3	1.732050808	1670.986958
1	1	1672.481741
0	0	1673.976523
3	1.732050808	1675.471306
0	0	1676.966088
1	1	1678.46087
1	1	1679.955653
2	1.414213562	1681.450435
1	1	1682.945218
0	0	1684.44
0	0	1685.934782
1	1	1687.429565
0	0	1688.924347
1	1	1690.419129
0	0	1691.913912
2	1.414213562	1693.408694
0	0	1694.903477
0	0	1696.398259
1	1	1697.893041
4	2	1699.387824
2	1.414213562	1700.882606
1	1	1702.377389
2	1.414213562	1703.872171
1	1	1705.366953
0	0	1706.861736
1	1	1708.356518
0	0	1709.851301
1	1	1711.346083
0	0	1712.840865
0	0	1714.335648
4	2	1715.83043
0	0	1717.325212
1	1	1718.819995
0	0	1720.314777
1	1	1721.80956
4	2	1723.304342
4	2	1724.799124
0	0	1726.293907
0	0	1727.788689
0	0	1729.283472
0	0	1730.778254
2	1.414213562	1732.273036
3	1.732050808	1733.767819
1	1	1735.262601
0	0	1736.757383
2	1.414213562	1738.252166
0	0	1739.746948
2	1.414213562	1741.241731
3	1.732050808	1742.736513
0	0	1744.231295
2	1.414213562	1745.726078
3	1.732050808	1747.22086
1	1	1748.715643
3	1.732050808	1750.210425
1	1	1751.705207
2	1.414213562	1753.19999
1	1	1754.694772
5	2.236067977	1756.189555
3	1.732050808	1757.684337
0	0	1759.179119
1	1	1760.673902
4	2	1762.168684
1	1	1763.663466
5	2.236067977	1765.158249
5	2.236067977	1766.653031
3	1.732050808	1768.147814
4	2	1769.642596
3	1.732050808	1771.137378
3	1.732050808	1772.632161
7	2.645751311	1774.126943
4	2	1775.621726
3	1.732050808	1777.116508
2	1.414213562	1778.61129
0	0	1780.106073
2	1.414213562	1781.600855
2	1.414213562	1783.095638
1	1	1784.59042
2	1.414213562	1786.085202
1	1	1787.579985
2	1.414213562	1789.074767
2	1.414213562	1790.569549
1	1	1792.064332
0	0	1793.559114
0	0	1795.053897
2	1.414213562	1796.548679
0	0	1798.043461
0	0	1799.538244
0	0	1801.033026
0	0	1802.527809
1	1	1804.022591
2	1.414213562	1805.517373
0	0	1807.012156
0	0	1808.506938
0	0	1810.00172
2	1.414213562	1811.496503
0	0	1812.991285
2	1.414213562	1814.486068
1	1	1815.98085
0	0	1817.475632
0	0	1818.970415
0	0	1820.465197
0	0	1821.95998
0	0	1823.454762
0	0	1824.949544
0	0	1826.444327
0	0	1827.939109
0	0	1829.433892
0	0	1830.928674
1	1	1832.423456
2	1.414213562	1833.918239
1	1	1835.413021
1	1	1836.907803
1	1	1838.402586
3	1.732050808	1839.897368
0	0	1841.392151
2	1.414213562	1842.886933
1	1	1844.381715
2	1.414213562	1845.876498
1	1	1847.37128
1	1	1848.866063
3	1.732050808	1850.360845
0	0	1851.855627
0	0	1853.35041
0	0	1854.845192
0	0	1856.339974
0	0	1857.834757
0	0	1859.329539
0	0	1860.824322
2	1.414213562	1862.319104
1	1	1863.813886
2	1.414213562	1865.308669
1	1	1866.803451
1	1	1868.298234
0	0	1869.793016
1	1	1871.287798
1	1	1872.782581
0	0	1874.277363
0	0	1875.772146
1	1	1877.266928
2	1.414213562	1878.76171
0	0	1880.256493
0	0	1881.751275
1	1	1883.246057
1	1	1884.74084
0	0	1886.235622
0	0	1887.730405
1	1	1889.225187
1	1	1890.719969
2	1.414213562	1892.214752
2	1.414213562	1893.709534
1	1	1895.204317
1	1	1896.699099
0	0	1898.193881
0	0	1899.688664
0	0	1901.183446
0	0	1902.678229
0	0	1904.173011
2	1.414213562	1905.667793
1	1	1907.162576
2	1.414213562	1908.657358
0	0	1910.15214
1	1	1911.646923
0	0	1913.141705
1	1	1914.636488
0	0	1916.13127
0	0	1917.626052
0	0	1919.120835
1	1	1920.615617
0	0	1922.1104
0	0	1923.605182
0	0	1925.099964
0	0	1926.594747
0	0	1928.089529
1	1	1929.584311
0	0	1931.079094
0	0	1932.573876
0	0	1934.068659
0	0	1935.563441
0	0	1937.058223
0	0	1938.553006
1	1	1940.047788
0	0	1941.542571
0	0	1943.037353
0	0	1944.532135
0	0	1946.026918
1	1	1947.5217
1	1	1949.016483
1	1	1950.511265
1	1	1952.006047
0	0	1953.50083
0	0	1954.995612
1	1	1956.490394
1	1	1957.985177
1	1	1959.479959
0	0	1960.974742
4	2	1962.469524
0	0	1963.964306
0	0	1965.459089
0	0	1966.953871
1	1	1968.448654
1	1	1969.943436
0	0	1971.438218
1	1	1972.933001
0	0	1974.427783
1	1	1975.922565
0	0	1977.417348
2	1.414213562	1978.91213
0	0	1980.406913
0	0	1981.901695
1	1	1983.396477
1	1	1984.89126
0	0	1986.386042
1	1	1987.880825
1	1	1989.375607
2	1.414213562	1990.870389
0	0	1992.365172
0	0	1993.859954
0	0	1995.354737
2	1.414213562	1996.849519
0	0	1998.344301
0	0	1999.839084
0	0	2001.333866
0	0	2002.828648
0	0	2004.323431
0	0	2005.818213
1	1	2007.312996
0	0	2008.807778
0	0	2010.30256
0	0	2011.797343
2	1.414213562	2013.292125
0	0	2014.786908
0	0	2016.28169
2	1.414213562	2017.776472
2	1.414213562	2019.271255
0	0	2020.766037
0	0	2022.26082
1	1	2023.755602
0	0	2025.250384
1	1	2026.745167
0	0	2028.239949
1	1	2029.734731
1	1	2031.229514
1	1	2032.724296
0	0	2034.219079
1	1	2035.713861
1	1	2037.208643
0	0	2038.703426
0	0	2040.198208
0	0	2041.692991
0	0	2043.187773
0	0	2044.682555
0	0	2046.177338
0	0	2047.67212
0	0	2049.166902
1	1	2050.661685
0	0	2052.156467
1	1	2053.65125
2	1.414213562	2055.146032
0	0	2056.640814
1	1	2058.135597
0	0	2059.630379
0	0	2061.125162
1	1	2062.619944
1	1	2064.114726
0	0	2065.609509
0	0	2067.104291
1	1	2068.599074
1	1	2070.093856
1	1	2071.588638
0	0	2073.083421
0	0	2074.578203
1	1	2076.072985
0	0	2077.567768
0	0	2079.06255
0	0	2080.557333
1	1	2082.052115
0	0	2083.546897
0	0	2085.04168
0	0	2086.536462
1	1	2088.031245
0	0	2089.526027
0	0	2091.020809
0	0	2092.515592
0	0	2094.010374
0	0	2095.505156
1	1	2096.999939
1	1	2098.494721
0	0	2099.989504
0	0	2101.484286
0	0	2102.979068
1	1	2104.473851
1	1	2105.968633
0	0	2107.463416
0	0	2108.958198
1	1	2110.45298
2	1.414213562	2111.947763
1	1	2113.442545
0	0	2114.937328
1	1	2116.43211
0	0	2117.926892
0	0	2119.421675
2	1.414213562	2120.916457
0	0	2122.411239
3	1.732050808	2123.906022
0	0	2125.400804
0	0	2126.895587
0	0	2128.390369
0	0	2129.885151
0	0	2131.379934
1	1	2132.874716
0	0	2134.369499
1	1	2135.864281
0	0	2137.359063
0	0	2138.853846
0	0	2140.348628
0	0	2141.843411
0	0	2143.338193
0	0	2144.832975
0	0	2146.327758
1	1	2147.82254
2	1.414213562	2149.317322
0	0	2150.812105
1	1	2152.306887
0	0	2153.80167
0	0	2155.296452
0	0	2156.791234
0	0	2158.286017
2	1.414213562	2159.780799
0	0	2161.275582
0	0	2162.770364
0	0	2164.265146
1	1	2165.759929
0	0	2167.254711
0	0	2168.749493
1	1	2170.244276
0	0	2171.739058
1	1	2173.233841
0	0	2174.728623
0	0	2176.223405
0	0	2177.718188
0	0	2179.21297
0	0	2180.707753
0	0	2182.202535
1	1	2183.697317
0	0	2185.1921
0	0	2186.686882
0	0	2188.181665
0	0	2189.676447
0	0	2191.171229
2	1.414213562	2192.666012
0	0	2194.160794
2	1.414213562	2195.655576
0	0	2197.150359
1	1	2198.645141
0	0	2200.139924
0	0	2201.634706
1	1	2203.129488
0	0	2204.624271
1	1	2206.119053
1	1	2207.613836
0	0	2209.108618
0	0	2210.6034
3	1.732050808	2212.098183
1	1	2213.592965
0	0	2215.087747
0	0	2216.58253
2	1.414213562	2218.077312
2	1.414213562	2219.572095
1	1	2221.066877
1	1	2222.561659
1	1	2224.056442
2	1.414213562	2225.551224
0	0	2227.046007
0	0	2228.540789
0	0	2230.035571
2	1.414213562	2231.530354
2	1.414213562	2233.025136
0	0	2234.519919
1	1	2236.014701
0	0	2237.509483
0	0	2239.004266
0	0	2240.499048
0	0	2241.99383
1	1	2243.488613
0	0	2244.983395
1	1	2246.478178
0	0	2247.97296
0	0	2249.467742
0	0	2250.962525
0	0	2252.457307
1	1	2253.95209
0	0	2255.446872
0	0	2256.941654
0	0	2258.436437
1	1	2259.931219
0	0	2261.426002
1	1	2262.920784
2	1.414213562	2264.415566
0	0	2265.910349
0	0	2267.405131
0	0	2268.899913
0	0	2270.394696
0	0	2271.889478
0	0	2273.384261
0	0	2274.879043
0	0	2276.373825
0	0	2277.868608
0	0	2279.36339
0	0	2280.858173
1	1	2282.352955
1	1	2283.847737
0	0	2285.34252
1	1	2286.837302
0	0	2288.332084
0	0	2289.826867
1	1	2291.321649
0	0	2292.816432
1	1	2294.311214
2	1.414213562	2295.805996
0	0	2297.300779
0	0	2298.795561
1	1	2300.290344
0	0	2301.785126
1	1	2303.279908
0	0	2304.774691
0	0	2306.269473
0	0	2307.764256
1	1	2309.259038
1	1	2310.75382
0	0	2312.248603
2	1.414213562	2313.743385
0	0	2315.238167
0	0	2316.73295
1	1	2318.227732
0	0	2319.722515
1	1	2321.217297
0	0	2322.712079
0	0	2324.206862
1	1	2325.701644
0	0	2327.196427
1	1	2328.691209
0	0	2330.185991
0	0	2331.680774
0	0	2333.175556
0	0	2334.670338
0	0	2336.165121
0	0	2337.659903
0	0	2339.154686
1	1	2340.649468
1	1	2342.14425
1	1	2343.639033
1	1	2345.133815
1	1	2346.628598
1	1	2348.12338
1	1	2349.618162
2	1.414213562	2351.112945
2	1.414213562	2352.607727
0	0	2354.10251
1	1	2355.597292
0	0	2357.092074
0	0	2358.586857
0	0	2360.081639
0	0	2361.576421
1	1	2363.071204
1	1	2364.565986
2	1.414213562	2366.060769
1	1	2367.555551
0	0	2369.050333
1	1	2370.545116
0	0	2372.039898
0	0	2373.534681
0	0	2375.029463
0	0	2376.524245
1	1	2378.019028
0	0	2379.51381
0	0	2381.008593
1	1	2382.503375
0	0	2383.998157
0	0	2385.49294
1	1	2386.987722
0	0	2388.482504
0	0	2389.977287
2	1.414213562	2391.472069
1	1	2392.966852
0	0	2394.461634
0	0	2395.956416
0	0	2397.451199
1	1	2398.945981
0	0	2400.440764
0	0	2401.935546
0	0	2403.430328
0	0	2404.925111
0	0	2406.419893
0	0	2407.914675
1	1	2409.409458
0	0	2410.90424
1	1	2412.399023
0	0	2413.893805
1	1	2415.388587
0	0	2416.88337
1	1	2418.378152
1	1	2419.872935
0	0	2421.367717
0	0	2422.862499
0	0	2424.357282
0	0	2425.852064
0	0	2427.346847
1	1	2428.841629
0	0	2430.336411
0	0	2431.831194
0	0	2433.325976
0	0	2434.820758
0	0	2436.315541
0	0	2437.810323
0	0	2439.305106
0	0	2440.799888
0	0	2442.29467
0	0	2443.789453
0	0	2445.284235
0	0	2446.779018
0	0	2448.2738
0	0	2449.768582
1	1	2451.263365
1	1	2452.758147
1	1	2454.252929
1	1	2455.747712
1	1	2457.242494
0	0	2458.737277
1	1	2460.232059
0	0	2461.726841
1	1	2463.221624
0	0	2464.716406
0	0	2466.211189
0	0	2467.705971
0	0	2469.200753
0	0	2470.695536
1	1	2472.190318
0	0	2473.685101
0	0	2475.179883
0	0	2476.674665
0	0	2478.169448
0	0	2479.66423
0	0	2481.159012
0	0	2482.653795
0	0	2484.148577
0	0	2485.64336
0	0	2487.138142
0	0	2488.632924
0	0	2490.127707
0	0	2491.622489
0	0	2493.117272
0	0	2494.612054
0	0	2496.106836
1	1	2497.601619
0	0	2499.096401
0	0	2500.591184
0	0	2502.085966
0	0	2503.580748
0	0	2505.075531
0	0	2506.570313
1	1	2508.065095
0	0	2509.559878
0	0	2511.05466
0	0	2512.549443
0	0	2514.044225
0	0	2515.539007
0	0	2517.03379
0	0	2518.528572
0	0	2520.023355
0	0	2521.518137
0	0	2523.012919
0	0	2524.507702
0	0	2526.002484
1	1	2527.497266
0	0	2528.992049
0	0	2530.486831
0	0	2531.981614
0	0	2533.476396
0	0	2534.971178
0	0	2536.465961
0	0	2537.960743
0	0	2539.455526
0	0	2540.950308
1	1	2542.44509
0	0	2543.939873
0	0	2545.434655
0	0	2546.929438
0	0	2548.42422
0	0	2549.919002
0	0	2551.413785
0	0	2552.908567
0	0	2554.403349
0	0	2555.898132
0	0	2557.392914
0	0	2558.887697
1	1	2560.382479
0	0	2561.877261
0	0	2563.372044
1	1	2564.866826
0	0	2566.361609
0	0	2567.856391
0	0	2569.351173
0	0	2570.845956
0	0	2572.340738
0	0	2573.83552
0	0	2575.330303
0	0	2576.825085
1	1	2578.319868
0	0	2579.81465
0	0	2581.309432
1	1	2582.804215
0	0	2584.298997
0	0	2585.79378
0	0	2587.288562
1	1	2588.783344
0	0	2590.278127
0	0	2591.772909
0	0	2593.267692
0	0	2594.762474
0	0	2596.257256
0	0	2597.752039
0	0	2599.246821
0	0	2600.741603
2	1.414213562	2602.236386
1	1	2603.731168
0	0	2605.225951
1	1	2606.720733
1	1	2608.215515
0	0	2609.710298
1	1	2611.20508
2	1.414213562	2612.699863
2	1.414213562	2614.194645
1	1	2615.689427
2	1.414213562	2617.18421
1	1	2618.678992
1	1	2620.173775
0	0	2621.668557
0	0	2623.163339
0	0	2624.658122
1	1	2626.152904
0	0	2627.647686
0	0	2629.142469
0	0	2630.637251
2	1.414213562	2632.132034
0	0	2633.626816
1	1	2635.121598
0	0	2636.616381
0	0	2638.111163
0	0	2639.605946
0	0	2641.100728
0	0	2642.59551
0	0	2644.090293
0	0	2645.585075
0	0	2647.079857
0	0	2648.57464
0	0	2650.069422
0	0	2651.564205
0	0	2653.058987
0	0	2654.553769
0	0	2656.048552
0	0	2657.543334
0	0	2659.038117
0	0	2660.532899
0	0	2662.027681
0	0	2663.522464
0	0	2665.017246
0	0	2666.512029
0	0	2668.006811
0	0	2669.501593
0	0	2670.996376
0	0	2672.491158
0	0	2673.98594
0	0	2675.480723
0	0	2676.975505
1	1	2678.470288
0	0	2679.96507
0	0	2681.459852
0	0	2682.954635
0	0	2684.449417
0	0	2685.9442
0	0	2687.438982
0	0	2688.933764
0	0	2690.428547
0	0	2691.923329
0	0	2693.418111
0	0	2694.912894
0	0	2696.407676
0	0	2697.902459
0	0	2699.397241
0	0	2700.892023
0	0	2702.386806
0	0	2703.881588
0	0	2705.376371
0	0	2706.871153
0	0	2708.365935
0	0	2709.860718
1	1	2711.3555
0	0	2712.850283
1	1	2714.345065
0	0	2715.839847
0	0	2717.33463
0	0	2718.829412
0	0	2720.324194
0	0	2721.818977
0	0	2723.313759
0	0	2724.808542
0	0	2726.303324
0	0	2727.798106
0	0	2729.292889
0	0	2730.787671
0	0	2732.282454
0	0	2733.777236
0	0	2735.272018
0	0	2736.766801
0	0	2738.261583
0	0	2739.756366
0	0	2741.251148
0	0	2742.74593
0	0	2744.240713
0	0	2745.735495
0	0	2747.230277
0	0	2748.72506
0	0	2750.219842
0	0	2751.714625
0	0	2753.209407
0	0	2754.704189
0	0	2756.198972
0	0	2757.693754
0	0	2759.188537
0	0	2760.683319
1	1	2762.178101
0	0	2763.672884
0	0	2765.167666
0	0	2766.662448
0	0	2768.157231
0	0	2769.652013
0	0	2771.146796
0	0	2772.641578
0	0	2774.13636
1	1	2775.631143
0	0	2777.125925
0	0	2778.620708
0	0	2780.11549
0	0	2781.610272
0	0	2783.105055
0	0	2784.599837
0	0	2786.09462
0	0	2787.589402
0	0	2789.084184
0	0	2790.578967
0	0	2792.073749
0	0	2793.568531
0	0	2795.063314
0	0	2796.558096
0	0	2798.052879
0	0	2799.547661
0	0	2801.042443
0	0	2802.537226
0	0	2804.032008
0	0	2805.526791
0	0	2807.021573
0	0	2808.516355
0	0	2810.011138
0	0	2811.50592
0	0	2813.000702
0	0	2814.495485
0	0	2815.990267
0	0	2817.48505
0	0	2818.979832
0	0	2820.474614
0	0	2821.969397
0	0	2823.464179
0	0	2824.958962
0	0	2826.453744
0	0	2827.948526
0	0	2829.443309
0	0	2830.938091
0	0	2832.432874
0	0	2833.927656
0	0	2835.422438
0	0	2836.917221
0	0	2838.412003
0	0	2839.906785
0	0	2841.401568
0	0	2842.89635
0	0	2844.391133
0	0	2845.885915
0	0	2847.380697
0	0	2848.87548
0	0	2850.370262
0	0	2851.865045
0	0	2853.359827
0	0	2854.854609
0	0	2856.349392
0	0	2857.844174
0	0	2859.338957
0	0	2860.833739
0	0	2862.328521
0	0	2863.823304
0	0	2865.318086
0	0	2866.812868
0	0	2868.307651
0	0	2869.802433
0	0	2871.297216
0	0	2872.791998
0	0	2874.28678
0	0	2875.781563
0	0	2877.276345
0	0	2878.771128
0	0	2880.26591
0	0	2881.760692
0	0	2883.255475
0	0	2884.750257
0	0	2886.245039
0	0	2887.739822
0	0	2889.234604
0	0	2890.729387
0	0	2892.224169
0	0	2893.718951
0	0	2895.213734
0	0	2896.708516
0	0	2898.203299
0	0	2899.698081
0	0	2901.192863
0	0	2902.687646
0	0	2904.182428
0	0	2905.677211
0	0	2907.171993
0	0	2908.666775
0	0	2910.161558
1	1	2911.65634
0	0	2913.151122
0	0	2914.645905
1	1	2916.140687
0	0	2917.63547
0	0	2919.130252
0	0	2920.625034
0	0	2922.119817
0	0	2923.614599
0	0	2925.109382
0	0	2926.604164
0	0	2928.098946
0	0	2929.593729
0	0	2931.088511
1	1	2932.583293
0	0	2934.078076
0	0	2935.572858
0	0	2937.067641
0	0	2938.562423
0	0	2940.057205
0	0	2941.551988
0	0	2943.04677
0	0	2944.541553
0	0	2946.036335
0	0	2947.531117
0	0	2949.0259
0	0	2950.520682
0	0	2952.015465
0	0	2953.510247
0	0	2955.005029
0	0	2956.499812
0	0	2957.994594
0	0	2959.489376
0	0	2960.984159
0	0	2962.478941
0	0	2963.973724
0	0	2965.468506
0	0	2966.963288
0	0	2968.458071
0	0	2969.952853
0	0	2971.447636
0	0	2972.942418
0	0	2974.4372
0	0	2975.931983
0	0	2977.426765
0	0	2978.921548
0	0	2980.41633
0	0	2981.911112
0	0	2983.405895
0	0	2984.900677
0	0	2986.395459
0	0	2987.890242
0	0	2989.385024
0	0	2990.879807
0	0	2992.374589
0	0	2993.869371
0	0	2995.364154
0	0	2996.858936
2	1.414213562	2998.353719
3	1.732050808	2999.848501
5	2.236067977	3001.343283
4	2	3002.838066
9	3	3004.332848
3	1.732050808	3005.82763
8	2.828427125	3007.322413
5	2.236067977	3008.817195
5	2.236067977	3010.311978
8	2.828427125	3011.80676
2	1.414213562	3013.301542
5	2.236067977	3014.796325
6	2.449489743	3016.291107
5	2.236067977	3017.78589
7	2.645751311	3019.280672
3	1.732050808	3020.775454
4	2	3022.270237
12	3.464101615	3023.765019
7	2.645751311	3025.259802
5	2.236067977	3026.754584
6	2.449489743	3028.249366
3	1.732050808	3029.744149
5	2.236067977	3031.238931
8	2.828427125	3032.733713
3	1.732050808	3034.228496
3	1.732050808	3035.723278
4	2	3037.218061
1	1	3038.712843
8	2.828427125	3040.207625
6	2.449489743	3041.702408
5	2.236067977	3043.19719
7	2.645751311	3044.691973
10	3.16227766	3046.186755
2	1.414213562	3047.681537
5	2.236067977	3049.17632
5	2.236067977	3050.671102
9	3	3052.165884
5	2.236067977	3053.660667
9	3	3055.155449
6	2.449489743	3056.650232
2	1.414213562	3058.145014
9	3	3059.639796
4	2	3061.134579
6	2.449489743	3062.629361
4	2	3064.124144
3	1.732050808	3065.618926
