0	0	4.304596365
0	0	4.304596365
0	0	4.304596365
0	0	4.304596365
0	0	4.304596365
0	0	4.304596365
0	0	4.304596365
0	0	4.304596365
0	0	4.304596365
0	0	4.304596365
0	0	4.304596365
0	0	4.304596365
0	0	4.304596365
0	0	4.304596365
0	0	4.304596365
0	0	4.304596365
0	0	4.304596365
0	0	4.304596365
0	0	4.304596365
0	0	4.304596365
0	0	4.304596365
0	0	4.304596365
0	0	4.304596365
0	0	4.304596365
0	0	4.304596365
0	0	4.304596365
0	0	4.304596365
0	0	4.304596365
0	0	4.304596365
0	0	4.304596365
0	0	4.304596365
1	1	5.799378753
1	1	5.799378753
66	8.124038405	102.9602339
431	20.76053949	648.5558054
623	24.95996795	935.5540238
685	26.17250466	1028.230532
803	28.33725463	1204.614854
797	28.23118843	1195.646159
838	28.94822965	1256.932237
879	29.64793416	1318.218315
1013	31.82766093	1518.519155
1110	33.3166625	1663.513047
1195	34.56877203	1790.569549
1365	36.9459064	2044.682555
1490	38.60051813	2231.530354
1701	41.24318125	2546.929438
1821	42.67317659	2726.303324
1874	43.28972164	2805.526791
1995	44.66542287	2986.395459
2007	44.79955357	3004.332848
2091	45.72745346	3129.894569
1988	44.58699362	2975.931983
2029	45.04442252	3037.218061
2005	44.77722635	3001.343283
1990	44.60941605	2978.921548
1935	43.9886349	2896.708516
1912	43.72642222	2862.328521
1897	43.55456348	2839.906785
1789	42.29657197	2678.470288
1705	41.29164564	2552.908567
1640	40.49691346	2455.747712
1585	39.81205847	2373.534681
1457	38.17066937	2182.202535
1343	36.6469644	2011.797343
1332	36.49657518	1995.354737
1203	34.68429039	1802.527809
1159	34.04408906	1736.757383
1095	33.09078422	1641.091311
1005	31.70173497	1506.560896
1000	31.6227766	1499.086984
899	29.9833287	1348.113963
865	29.41088234	1297.291362
831	28.82707061	1246.46876
861	29.3428015	1291.312232
794	28.17800561	1191.161812
753	27.44084547	1129.875734
754	27.45906044	1131.370517
717	26.77685568	1076.063568
711	26.66458325	1067.094874
690	26.26785107	1035.704444
727	26.96293753	1091.011392
727	26.96293753	1091.011392
729	27	1094.000957
694	26.34387974	1041.683573
721	26.85144316	1082.042698
733	27.07397274	1099.980086
719	26.81417536	1079.053133
700	26.45751311	1050.652268
632	25.13961018	949.0070653
635	25.19920634	953.4914124
673	25.94224354	1010.293143
661	25.70992026	992.3557545
630	25.0998008	946.0175005
625	25	938.5435886
584	24.16609195	877.2575107
579	24.06241883	869.7835987
580	24.08318916	871.2783811
536	23.15167381	805.5079561
590	24.2899156	886.226205
620	24.8997992	931.0696766
539	23.21637353	809.9923032
557	23.60084744	836.8983862
559	23.64318084	839.887951
531	23.04343724	798.0340441
520	22.8035085	781.5914379
557	23.60084744	836.8983862
571	23.89560629	857.8253396
497	22.29349681	747.211443
507	22.5166605	762.1592668
515	22.69361144	774.1175259
514	22.6715681	772.6227435
554	23.53720459	832.414039
502	22.4053565	754.6853549
506	22.49444376	760.6644844
516	22.71563338	775.6123083
543	23.3023604	815.9714328
518	22.75961335	778.6018731
516	22.71563338	775.6123083
547	23.38803113	821.9505623
524	22.89104628	787.5705674
523	22.86919325	786.075785
528	22.97825059	793.549697
480	21.9089023	721.8001424
540	23.23790008	811.4870856
506	22.49444376	760.6644844
501	22.38302929	753.1905725
546	23.36664289	820.4557799
538	23.19482701	808.4975208
565	23.76972865	848.8566453
538	23.19482701	808.4975208
576	24	865.2992516
563	23.72762104	845.8670805
527	22.95648057	792.0549146
646	25.41653005	969.9340187
603	24.55605832	905.658376
632	25.13961018	949.0070653
649	25.47547841	974.4183659
693	26.32489316	1040.188791
659	25.67099531	989.3661897
667	25.82634314	1001.324449
642	25.33771892	963.9548891
562	23.70653918	844.3722981
591	24.31049156	887.7209874
607	24.63736999	911.6375056
581	24.10394159	872.7731635
611	24.71841419	917.6166351
641	25.3179778	962.4601068
711	26.66458325	1067.094874
752	27.4226184	1128.380952
851	29.17190429	1276.364408
1007	31.73326331	1509.550461
1217	34.88552709	1823.454762
1467	38.301436	2197.150359
1616	40.19950248	2419.872935
1836	42.84857057	2748.72506
1970	44.38468204	2949.0259
2076	45.563143	3107.472833
2064	45.43126677	3089.535444
2022	44.96665431	3026.754584
1950	44.15880433	2919.130252
1766	42.02380278	2644.090293
1455	38.14446225	2179.21297
1297	36.01388621	1943.037353
1144	33.82306905	1714.335648
926	30.43024811	1388.473087
769	27.73084925	1153.792252
643	25.35744467	965.4496715
535	23.13006701	804.0131737
447	21.14237451	672.4723236
453	21.28379665	681.4410179
425	20.61552813	639.5871111
381	19.5192213	573.816686
401	20.02498439	603.7123338
404	20.09975124	608.1966809
412	20.29778313	620.15494
390	19.74841766	587.2697275
431	20.76053949	648.5558054
440	20.97617696	662.0088469
430	20.73644135	647.061023
467	21.61018278	702.3679713
462	21.49418526	694.8940594
436	20.88061302	656.0297173
470	21.67948339	706.8523185
411	20.27313493	618.6601576
410	20.24845673	617.1653752
419	20.46948949	630.6184167
380	19.49358869	572.3219036
357	18.89444363	537.9419087
330	18.16590212	497.5827842
342	18.49324201	515.5201729
348	18.65475811	524.4888672
312	17.66352173	470.6767013
335	18.30300522	505.0566962
329	18.13835715	496.0880019
332	18.22086716	500.572349
360	18.97366596	542.4262559
356	18.86796226	536.4471263
334	18.27566688	503.5619138
385	19.62141687	579.7958156
353	18.78829423	531.9627792
353	18.78829423	531.9627792
301	17.34935157	454.234095
321	17.91647287	484.1297428
323	17.97220076	487.1193075
300	17.32050808	452.7393126
299	17.29161647	451.2445302
303	17.40689519	457.2236598
287	16.94107435	433.3071416
293	17.11724277	442.2758359
287	16.94107435	433.3071416
323	17.97220076	487.1193075
301	17.34935157	454.234095
363	19.05255888	546.910603
353	18.78829423	531.9627792
373	19.31320792	561.8584269
405	20.1246118	609.6914633
377	19.41648784	567.8375565
474	21.77154106	712.831448
504	22.44994432	757.6749197
546	23.36664289	820.4557799
584	24.16609195	877.2575107
581	24.10394159	872.7731635
624	24.97999199	937.0488062
610	24.69817807	916.1218527
558	23.62202362	838.3931686
556	23.57965225	835.4036038
527	22.95648057	792.0549146
544	23.32380758	817.4662152
477	21.84032967	717.3157952
379	19.46792233	570.8271212
389	19.72308292	585.7749451
324	18	488.6140899
278	16.673332	419.8541001
290	17.02938637	437.7914887
246	15.68438714	372.0210637
247	15.71623365	373.5158461
222	14.89966443	336.1462864
233	15.26433752	352.5888927
238	15.42724862	360.0628046
220	14.83239697	333.1567216
223	14.93318452	337.6410688
217	14.73091986	328.6723745
216	14.69693846	327.1775921
237	15.39480432	358.5680222
221	14.86606875	334.651504
210	14.49137675	318.2088977
215	14.6628783	325.6828097
224	14.96662955	339.1358512
202	14.2126704	306.2506386
197	14.03566885	298.7767267
228	15.09966887	345.1149807
240	15.49193338	363.0523694
206	14.35270009	312.2297682
201	14.17744688	304.7558563
213	14.59451952	322.6932449
201	14.17744688	304.7558563
227	15.06651917	343.6201983
266	16.30950643	401.9167114
212	14.56021978	321.1984625
187	13.67479433	283.8289028
233	15.26433752	352.5888927
200	14.14213562	303.2610739
206	14.35270009	312.2297682
204	14.28285686	309.2402034
217	14.73091986	328.6723745
238	15.42724862	360.0628046
258	16.0623784	389.9584523
223	14.93318452	337.6410688
229	15.13274595	346.6097631
212	14.56021978	321.1984625
232	15.23154621	351.0941103
247	15.71623365	373.5158461
235	15.32970972	355.5784574
213	14.59451952	322.6932449
217	14.73091986	328.6723745
210	14.49137675	318.2088977
213	14.59451952	322.6932449
210	14.49137675	318.2088977
182	13.49073756	276.3549909
213	14.59451952	322.6932449
187	13.67479433	283.8289028
169	13	256.9228199
189	13.74772708	286.8184676
157	12.52996409	238.9854312
172	13.11487705	261.407167
154	12.40967365	234.501084
178	13.34166406	270.3758613
145	12.04159458	221.0480426
151	12.28820573	230.0167369
148	12.16552506	225.5323897
177	13.3041347	268.881079
168	12.9614814	255.4280375
143	11.95826074	218.0584778
145	12.04159458	221.0480426
163	12.76714533	247.9541255
160	12.64911064	243.4697784
151	12.28820573	230.0167369
178	13.34166406	270.3758613
177	13.3041347	268.881079
166	12.88409873	252.4384727
201	14.17744688	304.7558563
224	14.96662955	339.1358512
233	15.26433752	352.5888927
228	15.09966887	345.1149807
240	15.49193338	363.0523694
236	15.3622915	357.0732398
257	16.03121954	388.46367
242	15.55634919	366.0419341
236	15.3622915	357.0732398
200	14.14213562	303.2610739
216	14.69693846	327.1775921
174	13.19090596	264.3967318
194	13.92838828	294.2923795
205	14.31782106	310.7349858
160	12.64911064	243.4697784
194	13.92838828	294.2923795
149	12.20655562	227.0271721
168	12.9614814	255.4280375
151	12.28820573	230.0167369
159	12.60952021	241.974996
120	10.95445115	183.6784829
143	11.95826074	218.0584778
162	12.72792206	246.4593431
159	12.60952021	241.974996
122	11.04536102	186.6680476
153	12.36931688	233.0063017
150	12.24744871	228.5219545
157	12.52996409	238.9854312
152	12.32882801	231.5115193
181	13.45362405	274.8602085
165	12.84523258	250.9436903
183	13.52774926	277.8497733
210	14.49137675	318.2088977
197	14.03566885	298.7767267
216	14.69693846	327.1775921
260	16.1245155	392.9480171
250	15.8113883	378.0001932
274	16.55294536	413.8749705
302	17.3781472	455.7288774
300	17.32050808	452.7393126
266	16.30950643	401.9167114
247	15.71623365	373.5158461
214	14.62873884	324.1880273
222	14.89966443	336.1462864
188	13.7113092	285.3236852
195	13.96424004	295.7871619
177	13.3041347	268.881079
162	12.72792206	246.4593431
176	13.26649916	267.3862966
174	13.19090596	264.3967318
150	12.24744871	228.5219545
179	13.37908816	271.8706437
142	11.91637529	216.5636954
142	11.91637529	216.5636954
146	12.08304597	222.5428249
154	12.40967365	234.501084
147	12.12435565	224.0376073
138	11.74734012	210.5845658
156	12.489996	237.4906488
148	12.16552506	225.5323897
136	11.66190379	207.5950011
151	12.28820573	230.0167369
152	12.32882801	231.5115193
165	12.84523258	250.9436903
166	12.88409873	252.4384727
137	11.70469991	209.0897835
159	12.60952021	241.974996
161	12.68857754	244.9645608
184	13.56465997	279.3445557
175	13.22875656	265.8915142
147	12.12435565	224.0376073
173	13.15294644	262.9019494
166	12.88409873	252.4384727
170	13.03840481	258.4176022
190	13.78404875	288.31325
188	13.7113092	285.3236852
186	13.6381817	282.3341204
208	14.4222051	315.219333
242	15.55634919	366.0419341
270	16.43167673	407.895841
256	16	386.9688876
353	18.78829423	531.9627792
394	19.84943324	593.248857
451	21.23676058	678.4514531
466	21.58703314	700.8731889
510	22.58317958	766.643614
530	23.02172887	796.5392617
501	22.38302929	753.1905725
528	22.97825059	793.549697
513	22.64950331	771.1279612
472	21.72556098	709.8418833
431	20.76053949	648.5558054
417	20.42057786	627.628852
321	17.91647287	484.1297428
314	17.72004515	473.666266
254	15.93737745	383.9793228
223	14.93318452	337.6410688
208	14.4222051	315.219333
183	13.52774926	277.8497733
173	13.15294644	262.9019494
160	12.64911064	243.4697784
131	11.44552314	200.1210891
135	11.61895004	206.1002187
132	11.48912529	201.6158715
115	10.72380529	176.2045709
132	11.48912529	201.6158715
122	11.04536102	186.6680476
135	11.61895004	206.1002187
138	11.74734012	210.5845658
124	11.13552873	189.6576124
128	11.3137085	195.636742
123	11.09053651	188.16283
124	11.13552873	189.6576124
107	10.34408043	164.2463118
108	10.39230485	165.7410942
119	10.90871211	182.1837005
138	11.74734012	210.5845658
112	10.58300524	171.7202238
107	10.34408043	164.2463118
122	11.04536102	186.6680476
122	11.04536102	186.6680476
122	11.04536102	186.6680476
139	11.78982612	212.0793482
116	10.77032961	177.6993533
114	10.67707825	174.7097885
113	10.63014581	173.2150062
117	10.81665383	179.1941357
124	11.13552873	189.6576124
118	10.86278049	180.6889181
112	10.58300524	171.7202238
107	10.34408043	164.2463118
107	10.34408043	164.2463118
129	11.35781669	197.1315244
138	11.74734012	210.5845658
109	10.44030651	167.2358766
101	10.04987562	155.2776175
118	10.86278049	180.6889181
124	11.13552873	189.6576124
132	11.48912529	201.6158715
134	11.5758369	204.6054363
113	10.63014581	173.2150062
122	11.04536102	186.6680476
131	11.44552314	200.1210891
121	11	185.1732653
110	10.48808848	168.730659
107	10.34408043	164.2463118
112	10.58300524	171.7202238
114	10.67707825	174.7097885
106	10.29563014	162.7515294
126	11.22497216	192.6471772
118	10.86278049	180.6889181
151	12.28820573	230.0167369
124	11.13552873	189.6576124
109	10.44030651	167.2358766
126	11.22497216	192.6471772
121	11	185.1732653
122	11.04536102	186.6680476
112	10.58300524	171.7202238
120	10.95445115	183.6784829
125	11.18033989	191.1523948
110	10.48808848	168.730659
121	11	185.1732653
115	10.72380529	176.2045709
118	10.86278049	180.6889181
118	10.86278049	180.6889181
125	11.18033989	191.1523948
118	10.86278049	180.6889181
117	10.81665383	179.1941357
117	10.81665383	179.1941357
125	11.18033989	191.1523948
118	10.86278049	180.6889181
130	11.40175425	198.6263067
133	11.53256259	203.1106539
133	11.53256259	203.1106539
119	10.90871211	182.1837005
139	11.78982612	212.0793482
132	11.48912529	201.6158715
139	11.78982612	212.0793482
161	12.68857754	244.9645608
162	12.72792206	246.4593431
160	12.64911064	243.4697784
149	12.20655562	227.0271721
196	14	297.2819443
184	13.56465997	279.3445557
148	12.16552506	225.5323897
177	13.3041347	268.881079
167	12.92284798	253.9332551
156	12.489996	237.4906488
150	12.24744871	228.5219545
135	11.61895004	206.1002187
137	11.70469991	209.0897835
118	10.86278049	180.6889181
109	10.44030651	167.2358766
115	10.72380529	176.2045709
112	10.58300524	171.7202238
106	10.29563014	162.7515294
99	9.949874371	152.2880527
110	10.48808848	168.730659
109	10.44030651	167.2358766
109	10.44030651	167.2358766
99	9.949874371	152.2880527
117	10.81665383	179.1941357
98	9.899494937	150.7932703
118	10.86278049	180.6889181
89	9.433981132	137.3402289
111	10.53565375	170.2254414
87	9.327379053	134.3506641
107	10.34408043	164.2463118
107	10.34408043	164.2463118
107	10.34408043	164.2463118
108	10.39230485	165.7410942
104	10.19803903	159.7619647
88	9.38083152	135.8454465
89	9.433981132	137.3402289
93	9.643650761	143.3193584
96	9.797958971	147.8037056
104	10.19803903	159.7619647
99	9.949874371	152.2880527
99	9.949874371	152.2880527
88	9.38083152	135.8454465
101	10.04987562	155.2776175
99	9.949874371	152.2880527
91	9.539392014	140.3297936
99	9.949874371	152.2880527
125	11.18033989	191.1523948
112	10.58300524	171.7202238
94	9.695359715	144.8141408
103	10.14889157	158.2671823
104	10.19803903	159.7619647
93	9.643650761	143.3193584
126	11.22497216	192.6471772
101	10.04987562	155.2776175
81	9	125.3819698
100	10	153.7828351
84	9.16515139	129.8663169
76	8.717797887	117.9080578
79	8.888194417	122.392405
75	8.660254038	116.4132754
80	8.94427191	123.8871874
58	7.615773106	91.00197484
59	7.681145748	92.49675723
60	7.745966692	93.99153962
46	6.782329983	73.06458619
52	7.211102551	82.03328052
51	7.141428429	80.53849813
52	7.211102551	82.03328052
49	7	77.54893335
56	7.483314774	88.01241007
41	6.403124237	65.59067425
57	7.549834435	89.50719245
70	8.366600265	108.9393635
67	8.185352772	104.4550163
63	7.937253933	98.47588678
74	8.602325267	114.918493
68	8.246211251	105.9497987
76	8.717797887	117.9080578
75	8.660254038	116.4132754
67	8.185352772	104.4550163
77	8.774964387	119.4028402
69	8.306623863	107.4445811
66	8.124038405	102.9602339
70	8.366600265	108.9393635
67	8.185352772	104.4550163
65	8.062257748	101.4654516
59	7.681145748	92.49675723
63	7.937253933	98.47588678
79	8.888194417	122.392405
64	8	99.97066917
81	9	125.3819698
74	8.602325267	114.918493
73	8.544003745	113.4237107
85	9.219544457	131.3610993
78	8.831760866	120.8976226
76	8.717797887	117.9080578
68	8.246211251	105.9497987
70	8.366600265	108.9393635
64	8	99.97066917
66	8.124038405	102.9602339
71	8.426149773	110.4341459
45	6.708203932	71.5698038
60	7.745966692	93.99153962
60	7.745966692	93.99153962
72	8.485281374	111.9289283
47	6.8556546	74.55936858
46	6.782329983	73.06458619
47	6.8556546	74.55936858
50	7.071067812	79.04371574
53	7.280109889	83.5280629
42	6.480740698	67.08545664
50	7.071067812	79.04371574
44	6.633249581	70.07502142
52	7.211102551	82.03328052
54	7.348469228	85.02284529
58	7.615773106	91.00197484
59	7.681145748	92.49675723
53	7.280109889	83.5280629
88	9.38083152	135.8454465
94	9.695359715	144.8141408
115	10.72380529	176.2045709
138	11.74734012	210.5845658
144	12	219.5532602
165	12.84523258	250.9436903
227	15.06651917	343.6201983
224	14.96662955	339.1358512
260	16.1245155	392.9480171
249	15.77973384	376.5054109
278	16.673332	419.8541001
265	16.2788206	400.4219291
259	16.09347694	391.4532347
217	14.73091986	328.6723745
229	15.13274595	346.6097631
202	14.2126704	306.2506386
173	13.15294644	262.9019494
146	12.08304597	222.5428249
135	11.61895004	206.1002187
124	11.13552873	189.6576124
87	9.327379053	134.3506641
87	9.327379053	134.3506641
50	7.071067812	79.04371574
53	7.280109889	83.5280629
51	7.141428429	80.53849813
33	5.744562647	53.63241515
44	6.633249581	70.07502142
45	6.708203932	71.5698038
32	5.656854249	52.13763277
40	6.32455532	64.09589187
44	6.633249581	70.07502142
38	6.164414003	61.10632709
36	6	58.11676232
41	6.403124237	65.59067425
39	6.244997998	62.60110948
35	5.916079783	56.62197993
63	7.937253933	98.47588678
53	7.280109889	83.5280629
64	8	99.97066917
70	8.366600265	108.9393635
86	9.273618495	132.8558817
115	10.72380529	176.2045709
98	9.899494937	150.7932703
133	11.53256259	203.1106539
158	12.56980509	240.4802136
179	13.37908816	271.8706437
164	12.80624847	249.4489079
184	13.56465997	279.3445557
200	14.14213562	303.2610739
160	12.64911064	243.4697784
194	13.92838828	294.2923795
192	13.85640646	291.3028148
173	13.15294644	262.9019494
128	11.3137085	195.636742
123	11.09053651	188.16283
96	9.797958971	147.8037056
103	10.14889157	158.2671823
90	9.486832981	138.8350112
79	8.888194417	122.392405
48	6.92820323	76.05415097
49	7	77.54893335
48	6.92820323	76.05415097
32	5.656854249	52.13763277
25	5	41.67415605
25	5	41.67415605
29	5.385164807	47.6532856
32	5.656854249	52.13763277
22	4.69041576	37.18980889
17	4.123105626	29.71589695
14	3.741657387	25.23154979
19	4.358898944	32.70546173
22	4.69041576	37.18980889
24	4.898979486	40.17937367
17	4.123105626	29.71589695
18	4.242640687	31.21067934
17	4.123105626	29.71589695
19	4.358898944	32.70546173
23	4.795831523	38.68459128
21	4.582575695	35.6950265
24	4.898979486	40.17937367
22	4.69041576	37.18980889
16	4	28.22111457
24	4.898979486	40.17937367
18	4.242640687	31.21067934
31	5.567764363	50.64285038
21	4.582575695	35.6950265
21	4.582575695	35.6950265
18	4.242640687	31.21067934
19	4.358898944	32.70546173
25	5	41.67415605
21	4.582575695	35.6950265
30	5.477225575	49.14806799
23	4.795831523	38.68459128
18	4.242640687	31.21067934
21	4.582575695	35.6950265
21	4.582575695	35.6950265
21	4.582575695	35.6950265
18	4.242640687	31.21067934
14	3.741657387	25.23154979
23	4.795831523	38.68459128
25	5	41.67415605
17	4.123105626	29.71589695
22	4.69041576	37.18980889
23	4.795831523	38.68459128
19	4.358898944	32.70546173
18	4.242640687	31.21067934
24	4.898979486	40.17937367
15	3.872983346	26.72633218
21	4.582575695	35.6950265
21	4.582575695	35.6950265
20	4.472135955	34.20024412
21	4.582575695	35.6950265
19	4.358898944	32.70546173
22	4.69041576	37.18980889
24	4.898979486	40.17937367
22	4.69041576	37.18980889
23	4.795831523	38.68459128
24	4.898979486	40.17937367
20	4.472135955	34.20024412
21	4.582575695	35.6950265
18	4.242640687	31.21067934
19	4.358898944	32.70546173
19	4.358898944	32.70546173
22	4.69041576	37.18980889
24	4.898979486	40.17937367
24	4.898979486	40.17937367
20	4.472135955	34.20024412
19	4.358898944	32.70546173
17	4.123105626	29.71589695
18	4.242640687	31.21067934
26	5.099019514	43.16893844
22	4.69041576	37.18980889
24	4.898979486	40.17937367
27	5.196152423	44.66372083
17	4.123105626	29.71589695
18	4.242640687	31.21067934
20	4.472135955	34.20024412
20	4.472135955	34.20024412
20	4.472135955	34.20024412
28	5.291502622	46.15850322
22	4.69041576	37.18980889
29	5.385164807	47.6532856
24	4.898979486	40.17937367
22	4.69041576	37.18980889
25	5	41.67415605
31	5.567764363	50.64285038
22	4.69041576	37.18980889
22	4.69041576	37.18980889
23	4.795831523	38.68459128
33	5.744562647	53.63241515
18	4.242640687	31.21067934
20	4.472135955	34.20024412
17	4.123105626	29.71589695
20	4.472135955	34.20024412
16	4	28.22111457
22	4.69041576	37.18980889
27	5.196152423	44.66372083
17	4.123105626	29.71589695
20	4.472135955	34.20024412
21	4.582575695	35.6950265
12	3.464101615	22.24198502
12	3.464101615	22.24198502
15	3.872983346	26.72633218
12	3.464101615	22.24198502
25	5	41.67415605
24	4.898979486	40.17937367
26	5.099019514	43.16893844
14	3.741657387	25.23154979
23	4.795831523	38.68459128
16	4	28.22111457
19	4.358898944	32.70546173
17	4.123105626	29.71589695
17	4.123105626	29.71589695
22	4.69041576	37.18980889
22	4.69041576	37.18980889
12	3.464101615	22.24198502
19	4.358898944	32.70546173
16	4	28.22111457
21	4.582575695	35.6950265
23	4.795831523	38.68459128
18	4.242640687	31.21067934
24	4.898979486	40.17937367
37	6.08276253	59.6115447
21	4.582575695	35.6950265
15	3.872983346	26.72633218
16	4	28.22111457
16	4	28.22111457
18	4.242640687	31.21067934
24	4.898979486	40.17937367
16	4	28.22111457
20	4.472135955	34.20024412
17	4.123105626	29.71589695
23	4.795831523	38.68459128
17	4.123105626	29.71589695
13	3.605551275	23.7367674
17	4.123105626	29.71589695
25	5	41.67415605
14	3.741657387	25.23154979
21	4.582575695	35.6950265
14	3.741657387	25.23154979
22	4.69041576	37.18980889
26	5.099019514	43.16893844
15	3.872983346	26.72633218
15	3.872983346	26.72633218
15	3.872983346	26.72633218
18	4.242640687	31.21067934
14	3.741657387	25.23154979
27	5.196152423	44.66372083
14	3.741657387	25.23154979
23	4.795831523	38.68459128
20	4.472135955	34.20024412
19	4.358898944	32.70546173
21	4.582575695	35.6950265
23	4.795831523	38.68459128
25	5	41.67415605
22	4.69041576	37.18980889
22	4.69041576	37.18980889
23	4.795831523	38.68459128
16	4	28.22111457
16	4	28.22111457
19	4.358898944	32.70546173
22	4.69041576	37.18980889
16	4	28.22111457
20	4.472135955	34.20024412
21	4.582575695	35.6950265
27	5.196152423	44.66372083
18	4.242640687	31.21067934
21	4.582575695	35.6950265
13	3.605551275	23.7367674
23	4.795831523	38.68459128
18	4.242640687	31.21067934
24	4.898979486	40.17937367
21	4.582575695	35.6950265
25	5	41.67415605
25	5	41.67415605
33	5.744562647	53.63241515
16	4	28.22111457
21	4.582575695	35.6950265
31	5.567764363	50.64285038
18	4.242640687	31.21067934
21	4.582575695	35.6950265
10	3.16227766	19.25242024
19	4.358898944	32.70546173
22	4.69041576	37.18980889
21	4.582575695	35.6950265
31	5.567764363	50.64285038
17	4.123105626	29.71589695
20	4.472135955	34.20024412
22	4.69041576	37.18980889
18	4.242640687	31.21067934
21	4.582575695	35.6950265
20	4.472135955	34.20024412
23	4.795831523	38.68459128
11	3.31662479	20.74720263
25	5	41.67415605
29	5.385164807	47.6532856
16	4	28.22111457
22	4.69041576	37.18980889
17	4.123105626	29.71589695
19	4.358898944	32.70546173
20	4.472135955	34.20024412
12	3.464101615	22.24198502
14	3.741657387	25.23154979
24	4.898979486	40.17937367
18	4.242640687	31.21067934
19	4.358898944	32.70546173
21	4.582575695	35.6950265
20	4.472135955	34.20024412
14	3.741657387	25.23154979
22	4.69041576	37.18980889
13	3.605551275	23.7367674
19	4.358898944	32.70546173
10	3.16227766	19.25242024
21	4.582575695	35.6950265
16	4	28.22111457
19	4.358898944	32.70546173
19	4.358898944	32.70546173
24	4.898979486	40.17937367
20	4.472135955	34.20024412
19	4.358898944	32.70546173
16	4	28.22111457
20	4.472135955	34.20024412
23	4.795831523	38.68459128
18	4.242640687	31.21067934
27	5.196152423	44.66372083
17	4.123105626	29.71589695
21	4.582575695	35.6950265
21	4.582575695	35.6950265
24	4.898979486	40.17937367
23	4.795831523	38.68459128
19	4.358898944	32.70546173
16	4	28.22111457
19	4.358898944	32.70546173
24	4.898979486	40.17937367
23	4.795831523	38.68459128
20	4.472135955	34.20024412
24	4.898979486	40.17937367
17	4.123105626	29.71589695
18	4.242640687	31.21067934
20	4.472135955	34.20024412
29	5.385164807	47.6532856
13	3.605551275	23.7367674
23	4.795831523	38.68459128
27	5.196152423	44.66372083
17	4.123105626	29.71589695
18	4.242640687	31.21067934
15	3.872983346	26.72633218
23	4.795831523	38.68459128
15	3.872983346	26.72633218
18	4.242640687	31.21067934
16	4	28.22111457
24	4.898979486	40.17937367
17	4.123105626	29.71589695
22	4.69041576	37.18980889
18	4.242640687	31.21067934
22	4.69041576	37.18980889
18	4.242640687	31.21067934
14	3.741657387	25.23154979
20	4.472135955	34.20024412
18	4.242640687	31.21067934
23	4.795831523	38.68459128
22	4.69041576	37.18980889
18	4.242640687	31.21067934
19	4.358898944	32.70546173
20	4.472135955	34.20024412
25	5	41.67415605
14	3.741657387	25.23154979
17	4.123105626	29.71589695
17	4.123105626	29.71589695
20	4.472135955	34.20024412
18	4.242640687	31.21067934
15	3.872983346	26.72633218
21	4.582575695	35.6950265
16	4	28.22111457
19	4.358898944	32.70546173
15	3.872983346	26.72633218
21	4.582575695	35.6950265
16	4	28.22111457
17	4.123105626	29.71589695
17	4.123105626	29.71589695
11	3.31662479	20.74720263
25	5	41.67415605
18	4.242640687	31.21067934
14	3.741657387	25.23154979
9	3	17.75763785
14	3.741657387	25.23154979
24	4.898979486	40.17937367
12	3.464101615	22.24198502
18	4.242640687	31.21067934
16	4	28.22111457
14	3.741657387	25.23154979
20	4.472135955	34.20024412
13	3.605551275	23.7367674
16	4	28.22111457
19	4.358898944	32.70546173
21	4.582575695	35.6950265
22	4.69041576	37.18980889
14	3.741657387	25.23154979
16	4	28.22111457
24	4.898979486	40.17937367
11	3.31662479	20.74720263
14	3.741657387	25.23154979
21	4.582575695	35.6950265
17	4.123105626	29.71589695
27	5.196152423	44.66372083
10	3.16227766	19.25242024
12	3.464101615	22.24198502
20	4.472135955	34.20024412
17	4.123105626	29.71589695
14	3.741657387	25.23154979
16	4	28.22111457
17	4.123105626	29.71589695
20	4.472135955	34.20024412
22	4.69041576	37.18980889
14	3.741657387	25.23154979
14	3.741657387	25.23154979
13	3.605551275	23.7367674
11	3.31662479	20.74720263
20	4.472135955	34.20024412
21	4.582575695	35.6950265
16	4	28.22111457
12	3.464101615	22.24198502
24	4.898979486	40.17937367
17	4.123105626	29.71589695
12	3.464101615	22.24198502
9	3	17.75763785
21	4.582575695	35.6950265
22	4.69041576	37.18980889
17	4.123105626	29.71589695
18	4.242640687	31.21067934
14	3.741657387	25.23154979
16	4	28.22111457
10	3.16227766	19.25242024
19	4.358898944	32.70546173
18	4.242640687	31.21067934
16	4	28.22111457
20	4.472135955	34.20024412
24	4.898979486	40.17937367
15	3.872983346	26.72633218
19	4.358898944	32.70546173
13	3.605551275	23.7367674
24	4.898979486	40.17937367
16	4	28.22111457
20	4.472135955	34.20024412
24	4.898979486	40.17937367
19	4.358898944	32.70546173
22	4.69041576	37.18980889
13	3.605551275	23.7367674
16	4	28.22111457
14	3.741657387	25.23154979
21	4.582575695	35.6950265
15	3.872983346	26.72633218
18	4.242640687	31.21067934
20	4.472135955	34.20024412
15	3.872983346	26.72633218
18	4.242640687	31.21067934
11	3.31662479	20.74720263
22	4.69041576	37.18980889
16	4	28.22111457
22	4.69041576	37.18980889
12	3.464101615	22.24198502
14	3.741657387	25.23154979
16	4	28.22111457
20	4.472135955	34.20024412
13	3.605551275	23.7367674
8	2.828427125	16.26285547
13	3.605551275	23.7367674
24	4.898979486	40.17937367
19	4.358898944	32.70546173
18	4.242640687	31.21067934
14	3.741657387	25.23154979
13	3.605551275	23.7367674
12	3.464101615	22.24198502
8	2.828427125	16.26285547
12	3.464101615	22.24198502
11	3.31662479	20.74720263
14	3.741657387	25.23154979
14	3.741657387	25.23154979
11	3.31662479	20.74720263
12	3.464101615	22.24198502
18	4.242640687	31.21067934
11	3.31662479	20.74720263
17	4.123105626	29.71589695
13	3.605551275	23.7367674
11	3.31662479	20.74720263
9	3	17.75763785
14	3.741657387	25.23154979
16	4	28.22111457
17	4.123105626	29.71589695
16	4	28.22111457
18	4.242640687	31.21067934
17	4.123105626	29.71589695
25	5	41.67415605
19	4.358898944	32.70546173
17	4.123105626	29.71589695
23	4.795831523	38.68459128
29	5.385164807	47.6532856
31	5.567764363	50.64285038
28	5.291502622	46.15850322
34	5.830951895	55.12719754
40	6.32455532	64.09589187
34	5.830951895	55.12719754
43	6.557438524	68.58023903
38	6.164414003	61.10632709
32	5.656854249	52.13763277
35	5.916079783	56.62197993
35	5.916079783	56.62197993
32	5.656854249	52.13763277
36	6	58.11676232
26	5.099019514	43.16893844
36	6	58.11676232
26	5.099019514	43.16893844
27	5.196152423	44.66372083
18	4.242640687	31.21067934
21	4.582575695	35.6950265
20	4.472135955	34.20024412
24	4.898979486	40.17937367
18	4.242640687	31.21067934
14	3.741657387	25.23154979
26	5.099019514	43.16893844
24	4.898979486	40.17937367
18	4.242640687	31.21067934
26	5.099019514	43.16893844
21	4.582575695	35.6950265
18	4.242640687	31.21067934
22	4.69041576	37.18980889
26	5.099019514	43.16893844
26	5.099019514	43.16893844
21	4.582575695	35.6950265
33	5.744562647	53.63241515
24	4.898979486	40.17937367
27	5.196152423	44.66372083
20	4.472135955	34.20024412
21	4.582575695	35.6950265
23	4.795831523	38.68459128
12	3.464101615	22.24198502
19	4.358898944	32.70546173
25	5	41.67415605
14	3.741657387	25.23154979
12	3.464101615	22.24198502
14	3.741657387	25.23154979
20	4.472135955	34.20024412
16	4	28.22111457
18	4.242640687	31.21067934
11	3.31662479	20.74720263
11	3.31662479	20.74720263
10	3.16227766	19.25242024
9	3	17.75763785
9	3	17.75763785
12	3.464101615	22.24198502
9	3	17.75763785
13	3.605551275	23.7367674
14	3.741657387	25.23154979
19	4.358898944	32.70546173
13	3.605551275	23.7367674
10	3.16227766	19.25242024
16	4	28.22111457
8	2.828427125	16.26285547
9	3	17.75763785
8	2.828427125	16.26285547
13	3.605551275	23.7367674
10	3.16227766	19.25242024
14	3.741657387	25.23154979
18	4.242640687	31.21067934
16	4	28.22111457
10	3.16227766	19.25242024
15	3.872983346	26.72633218
16	4	28.22111457
11	3.31662479	20.74720263
16	4	28.22111457
16	4	28.22111457
14	3.741657387	25.23154979
20	4.472135955	34.20024412
9	3	17.75763785
8	2.828427125	16.26285547
10	3.16227766	19.25242024
14	3.741657387	25.23154979
7	2.645751311	14.76807308
14	3.741657387	25.23154979
15	3.872983346	26.72633218
10	3.16227766	19.25242024
12	3.464101615	22.24198502
13	3.605551275	23.7367674
16	4	28.22111457
8	2.828427125	16.26285547
9	3	17.75763785
8	2.828427125	16.26285547
14	3.741657387	25.23154979
9	3	17.75763785
12	3.464101615	22.24198502
10	3.16227766	19.25242024
15	3.872983346	26.72633218
13	3.605551275	23.7367674
17	4.123105626	29.71589695
15	3.872983346	26.72633218
13	3.605551275	23.7367674
13	3.605551275	23.7367674
15	3.872983346	26.72633218
6	2.449489743	13.27329069
19	4.358898944	32.70546173
9	3	17.75763785
13	3.605551275	23.7367674
7	2.645751311	14.76807308
15	3.872983346	26.72633218
13	3.605551275	23.7367674
11	3.31662479	20.74720263
7	2.645751311	14.76807308
14	3.741657387	25.23154979
10	3.16227766	19.25242024
10	3.16227766	19.25242024
12	3.464101615	22.24198502
14	3.741657387	25.23154979
12	3.464101615	22.24198502
6	2.449489743	13.27329069
16	4	28.22111457
16	4	28.22111457
17	4.123105626	29.71589695
12	3.464101615	22.24198502
15	3.872983346	26.72633218
9	3	17.75763785
15	3.872983346	26.72633218
7	2.645751311	14.76807308
11	3.31662479	20.74720263
16	4	28.22111457
8	2.828427125	16.26285547
6	2.449489743	13.27329069
14	3.741657387	25.23154979
10	3.16227766	19.25242024
10	3.16227766	19.25242024
10	3.16227766	19.25242024
14	3.741657387	25.23154979
11	3.31662479	20.74720263
16	4	28.22111457
6	2.449489743	13.27329069
14	3.741657387	25.23154979
11	3.31662479	20.74720263
10	3.16227766	19.25242024
11	3.31662479	20.74720263
11	3.31662479	20.74720263
12	3.464101615	22.24198502
12	3.464101615	22.24198502
14	3.741657387	25.23154979
15	3.872983346	26.72633218
19	4.358898944	32.70546173
13	3.605551275	23.7367674
11	3.31662479	20.74720263
21	4.582575695	35.6950265
12	3.464101615	22.24198502
15	3.872983346	26.72633218
7	2.645751311	14.76807308
14	3.741657387	25.23154979
13	3.605551275	23.7367674
10	3.16227766	19.25242024
16	4	28.22111457
17	4.123105626	29.71589695
13	3.605551275	23.7367674
11	3.31662479	20.74720263
11	3.31662479	20.74720263
13	3.605551275	23.7367674
12	3.464101615	22.24198502
14	3.741657387	25.23154979
7	2.645751311	14.76807308
20	4.472135955	34.20024412
12	3.464101615	22.24198502
10	3.16227766	19.25242024
11	3.31662479	20.74720263
12	3.464101615	22.24198502
16	4	28.22111457
9	3	17.75763785
11	3.31662479	20.74720263
16	4	28.22111457
9	3	17.75763785
16	4	28.22111457
18	4.242640687	31.21067934
12	3.464101615	22.24198502
12	3.464101615	22.24198502
10	3.16227766	19.25242024
14	3.741657387	25.23154979
6	2.449489743	13.27329069
10	3.16227766	19.25242024
14	3.741657387	25.23154979
16	4	28.22111457
17	4.123105626	29.71589695
11	3.31662479	20.74720263
14	3.741657387	25.23154979
15	3.872983346	26.72633218
5	2.236067977	11.7785083
15	3.872983346	26.72633218
8	2.828427125	16.26285547
5	2.236067977	11.7785083
10	3.16227766	19.25242024
12	3.464101615	22.24198502
15	3.872983346	26.72633218
13	3.605551275	23.7367674
13	3.605551275	23.7367674
10	3.16227766	19.25242024
9	3	17.75763785
14	3.741657387	25.23154979
10	3.16227766	19.25242024
12	3.464101615	22.24198502
8	2.828427125	16.26285547
16	4	28.22111457
13	3.605551275	23.7367674
10	3.16227766	19.25242024
17	4.123105626	29.71589695
10	3.16227766	19.25242024
12	3.464101615	22.24198502
12	3.464101615	22.24198502
12	3.464101615	22.24198502
14	3.741657387	25.23154979
9	3	17.75763785
14	3.741657387	25.23154979
14	3.741657387	25.23154979
14	3.741657387	25.23154979
10	3.16227766	19.25242024
11	3.31662479	20.74720263
16	4	28.22111457
16	4	28.22111457
15	3.872983346	26.72633218
12	3.464101615	22.24198502
17	4.123105626	29.71589695
16	4	28.22111457
20	4.472135955	34.20024412
4	2	10.28372592
10	3.16227766	19.25242024
19	4.358898944	32.70546173
10	3.16227766	19.25242024
24	4.898979486	40.17937367
8	2.828427125	16.26285547
16	4	28.22111457
13	3.605551275	23.7367674
14	3.741657387	25.23154979
9	3	17.75763785
13	3.605551275	23.7367674
13	3.605551275	23.7367674
8	2.828427125	16.26285547
16	4	28.22111457
14	3.741657387	25.23154979
11	3.31662479	20.74720263
8	2.828427125	16.26285547
14	3.741657387	25.23154979
5	2.236067977	11.7785083
14	3.741657387	25.23154979
14	3.741657387	25.23154979
12	3.464101615	22.24198502
20	4.472135955	34.20024412
15	3.872983346	26.72633218
15	3.872983346	26.72633218
11	3.31662479	20.74720263
19	4.358898944	32.70546173
13	3.605551275	23.7367674
15	3.872983346	26.72633218
11	3.31662479	20.74720263
10	3.16227766	19.25242024
9	3	17.75763785
11	3.31662479	20.74720263
13	3.605551275	23.7367674
11	3.31662479	20.74720263
10	3.16227766	19.25242024
12	3.464101615	22.24198502
20	4.472135955	34.20024412
12	3.464101615	22.24198502
18	4.242640687	31.21067934
9	3	17.75763785
17	4.123105626	29.71589695
10	3.16227766	19.25242024
16	4	28.22111457
10	3.16227766	19.25242024
8	2.828427125	16.26285547
12	3.464101615	22.24198502
16	4	28.22111457
15	3.872983346	26.72633218
16	4	28.22111457
14	3.741657387	25.23154979
11	3.31662479	20.74720263
13	3.605551275	23.7367674
15	3.872983346	26.72633218
6	2.449489743	13.27329069
12	3.464101615	22.24198502
12	3.464101615	22.24198502
13	3.605551275	23.7367674
10	3.16227766	19.25242024
4	2	10.28372592
18	4.242640687	31.21067934
9	3	17.75763785
12	3.464101615	22.24198502
16	4	28.22111457
24	4.898979486	40.17937367
12	3.464101615	22.24198502
15	3.872983346	26.72633218
11	3.31662479	20.74720263
13	3.605551275	23.7367674
7	2.645751311	14.76807308
12	3.464101615	22.24198502
13	3.605551275	23.7367674
14	3.741657387	25.23154979
16	4	28.22111457
19	4.358898944	32.70546173
10	3.16227766	19.25242024
14	3.741657387	25.23154979
15	3.872983346	26.72633218
12	3.464101615	22.24198502
9	3	17.75763785
15	3.872983346	26.72633218
8	2.828427125	16.26285547
14	3.741657387	25.23154979
10	3.16227766	19.25242024
8	2.828427125	16.26285547
14	3.741657387	25.23154979
14	3.741657387	25.23154979
5	2.236067977	11.7785083
7	2.645751311	14.76807308
9	3	17.75763785
13	3.605551275	23.7367674
17	4.123105626	29.71589695
9	3	17.75763785
7	2.645751311	14.76807308
16	4	28.22111457
15	3.872983346	26.72633218
20	4.472135955	34.20024412
15	3.872983346	26.72633218
14	3.741657387	25.23154979
8	2.828427125	16.26285547
11	3.31662479	20.74720263
12	3.464101615	22.24198502
11	3.31662479	20.74720263
12	3.464101615	22.24198502
9	3	17.75763785
10	3.16227766	19.25242024
21	4.582575695	35.6950265
12	3.464101615	22.24198502
15	3.872983346	26.72633218
17	4.123105626	29.71589695
13	3.605551275	23.7367674
10	3.16227766	19.25242024
15	3.872983346	26.72633218
16	4	28.22111457
31	5.567764363	50.64285038
15	3.872983346	26.72633218
17	4.123105626	29.71589695
12	3.464101615	22.24198502
23	4.795831523	38.68459128
21	4.582575695	35.6950265
18	4.242640687	31.21067934
18	4.242640687	31.21067934
25	5	41.67415605
21	4.582575695	35.6950265
28	5.291502622	46.15850322
21	4.582575695	35.6950265
34	5.830951895	55.12719754
25	5	41.67415605
28	5.291502622	46.15850322
35	5.916079783	56.62197993
15	3.872983346	26.72633218
20	4.472135955	34.20024412
21	4.582575695	35.6950265
19	4.358898944	32.70546173
20	4.472135955	34.20024412
20	4.472135955	34.20024412
20	4.472135955	34.20024412
16	4	28.22111457
12	3.464101615	22.24198502
15	3.872983346	26.72633218
11	3.31662479	20.74720263
18	4.242640687	31.21067934
26	5.099019514	43.16893844
11	3.31662479	20.74720263
17	4.123105626	29.71589695
14	3.741657387	25.23154979
20	4.472135955	34.20024412
11	3.31662479	20.74720263
14	3.741657387	25.23154979
16	4	28.22111457
13	3.605551275	23.7367674
10	3.16227766	19.25242024
15	3.872983346	26.72633218
14	3.741657387	25.23154979
12	3.464101615	22.24198502
14	3.741657387	25.23154979
15	3.872983346	26.72633218
12	3.464101615	22.24198502
10	3.16227766	19.25242024
15	3.872983346	26.72633218
17	4.123105626	29.71589695
14	3.741657387	25.23154979
16	4	28.22111457
13	3.605551275	23.7367674
19	4.358898944	32.70546173
17	4.123105626	29.71589695
6	2.449489743	13.27329069
7	2.645751311	14.76807308
13	3.605551275	23.7367674
14	3.741657387	25.23154979
12	3.464101615	22.24198502
16	4	28.22111457
11	3.31662479	20.74720263
13	3.605551275	23.7367674
16	4	28.22111457
19	4.358898944	32.70546173
14	3.741657387	25.23154979
21	4.582575695	35.6950265
13	3.605551275	23.7367674
22	4.69041576	37.18980889
19	4.358898944	32.70546173
13	3.605551275	23.7367674
16	4	28.22111457
13	3.605551275	23.7367674
12	3.464101615	22.24198502
19	4.358898944	32.70546173
10	3.16227766	19.25242024
16	4	28.22111457
16	4	28.22111457
13	3.605551275	23.7367674
16	4	28.22111457
17	4.123105626	29.71589695
14	3.741657387	25.23154979
14	3.741657387	25.23154979
9	3	17.75763785
14	3.741657387	25.23154979
17	4.123105626	29.71589695
14	3.741657387	25.23154979
14	3.741657387	25.23154979
18	4.242640687	31.21067934
19	4.358898944	32.70546173
18	4.242640687	31.21067934
18	4.242640687	31.21067934
16	4	28.22111457
20	4.472135955	34.20024412
13	3.605551275	23.7367674
11	3.31662479	20.74720263
19	4.358898944	32.70546173
22	4.69041576	37.18980889
11	3.31662479	20.74720263
19	4.358898944	32.70546173
20	4.472135955	34.20024412
17	4.123105626	29.71589695
16	4	28.22111457
15	3.872983346	26.72633218
8	2.828427125	16.26285547
13	3.605551275	23.7367674
14	3.741657387	25.23154979
14	3.741657387	25.23154979
16	4	28.22111457
19	4.358898944	32.70546173
16	4	28.22111457
12	3.464101615	22.24198502
27	5.196152423	44.66372083
8	2.828427125	16.26285547
17	4.123105626	29.71589695
11	3.31662479	20.74720263
9	3	17.75763785
17	4.123105626	29.71589695
20	4.472135955	34.20024412
17	4.123105626	29.71589695
21	4.582575695	35.6950265
17	4.123105626	29.71589695
18	4.242640687	31.21067934
23	4.795831523	38.68459128
17	4.123105626	29.71589695
23	4.795831523	38.68459128
17	4.123105626	29.71589695
11	3.31662479	20.74720263
11	3.31662479	20.74720263
15	3.872983346	26.72633218
10	3.16227766	19.25242024
18	4.242640687	31.21067934
22	4.69041576	37.18980889
14	3.741657387	25.23154979
14	3.741657387	25.23154979
12	3.464101615	22.24198502
20	4.472135955	34.20024412
12	3.464101615	22.24198502
16	4	28.22111457
14	3.741657387	25.23154979
15	3.872983346	26.72633218
15	3.872983346	26.72633218
26	5.099019514	43.16893844
19	4.358898944	32.70546173
17	4.123105626	29.71589695
16	4	28.22111457
24	4.898979486	40.17937367
20	4.472135955	34.20024412
15	3.872983346	26.72633218
10	3.16227766	19.25242024
21	4.582575695	35.6950265
15	3.872983346	26.72633218
13	3.605551275	23.7367674
21	4.582575695	35.6950265
19	4.358898944	32.70546173
20	4.472135955	34.20024412
21	4.582575695	35.6950265
19	4.358898944	32.70546173
15	3.872983346	26.72633218
17	4.123105626	29.71589695
15	3.872983346	26.72633218
20	4.472135955	34.20024412
17	4.123105626	29.71589695
18	4.242640687	31.21067934
12	3.464101615	22.24198502
25	5	41.67415605
15	3.872983346	26.72633218
16	4	28.22111457
15	3.872983346	26.72633218
20	4.472135955	34.20024412
15	3.872983346	26.72633218
20	4.472135955	34.20024412
16	4	28.22111457
28	5.291502622	46.15850322
20	4.472135955	34.20024412
19	4.358898944	32.70546173
17	4.123105626	29.71589695
16	4	28.22111457
17	4.123105626	29.71589695
14	3.741657387	25.23154979
17	4.123105626	29.71589695
21	4.582575695	35.6950265
17	4.123105626	29.71589695
23	4.795831523	38.68459128
20	4.472135955	34.20024412
22	4.69041576	37.18980889
21	4.582575695	35.6950265
23	4.795831523	38.68459128
22	4.69041576	37.18980889
17	4.123105626	29.71589695
18	4.242640687	31.21067934
19	4.358898944	32.70546173
21	4.582575695	35.6950265
21	4.582575695	35.6950265
19	4.358898944	32.70546173
17	4.123105626	29.71589695
19	4.358898944	32.70546173
19	4.358898944	32.70546173
25	5	41.67415605
24	4.898979486	40.17937367
18	4.242640687	31.21067934
18	4.242640687	31.21067934
17	4.123105626	29.71589695
21	4.582575695	35.6950265
16	4	28.22111457
9	3	17.75763785
9	3	17.75763785
20	4.472135955	34.20024412
10	3.16227766	19.25242024
6	2.449489743	13.27329069
6	2.449489743	13.27329069
17	4.123105626	29.71589695
9	3	17.75763785
12	3.464101615	22.24198502
9	3	17.75763785
14	3.741657387	25.23154979
6	2.449489743	13.27329069
16	4	28.22111457
15	3.872983346	26.72633218
12	3.464101615	22.24198502
8	2.828427125	16.26285547
13	3.605551275	23.7367674
16	4	28.22111457
14	3.741657387	25.23154979
8	2.828427125	16.26285547
13	3.605551275	23.7367674
14	3.741657387	25.23154979
24	4.898979486	40.17937367
13	3.605551275	23.7367674
13	3.605551275	23.7367674
12	3.464101615	22.24198502
14	3.741657387	25.23154979
11	3.31662479	20.74720263
12	3.464101615	22.24198502
13	3.605551275	23.7367674
8	2.828427125	16.26285547
11	3.31662479	20.74720263
12	3.464101615	22.24198502
9	3	17.75763785
18	4.242640687	31.21067934
8	2.828427125	16.26285547
6	2.449489743	13.27329069
13	3.605551275	23.7367674
6	2.449489743	13.27329069
7	2.645751311	14.76807308
9	3	17.75763785
11	3.31662479	20.74720263
14	3.741657387	25.23154979
9	3	17.75763785
9	3	17.75763785
7	2.645751311	14.76807308
11	3.31662479	20.74720263
9	3	17.75763785
9	3	17.75763785
6	2.449489743	13.27329069
8	2.828427125	16.26285547
8	2.828427125	16.26285547
3	1.732050808	8.788943528
9	3	17.75763785
14	3.741657387	25.23154979
9	3	17.75763785
10	3.16227766	19.25242024
5	2.236067977	11.7785083
13	3.605551275	23.7367674
13	3.605551275	23.7367674
8	2.828427125	16.26285547
7	2.645751311	14.76807308
8	2.828427125	16.26285547
6	2.449489743	13.27329069
5	2.236067977	11.7785083
10	3.16227766	19.25242024
7	2.645751311	14.76807308
8	2.828427125	16.26285547
7	2.645751311	14.76807308
5	2.236067977	11.7785083
4	2	10.28372592
6	2.449489743	13.27329069
7	2.645751311	14.76807308
3	1.732050808	8.788943528
6	2.449489743	13.27329069
5	2.236067977	11.7785083
10	3.16227766	19.25242024
4	2	10.28372592
3	1.732050808	8.788943528
8	2.828427125	16.26285547
10	3.16227766	19.25242024
5	2.236067977	11.7785083
3	1.732050808	8.788943528
3	1.732050808	8.788943528
8	2.828427125	16.26285547
4	2	10.28372592
6	2.449489743	13.27329069
2	1.414213562	7.29416114
3	1.732050808	8.788943528
2	1.414213562	7.29416114
4	2	10.28372592
8	2.828427125	16.26285547
4	2	10.28372592
8	2.828427125	16.26285547
4	2	10.28372592
5	2.236067977	11.7785083
5	2.236067977	11.7785083
3	1.732050808	8.788943528
3	1.732050808	8.788943528
3	1.732050808	8.788943528
1	1	5.799378753
4	2	10.28372592
4	2	10.28372592
8	2.828427125	16.26285547
5	2.236067977	11.7785083
5	2.236067977	11.7785083
1	1	5.799378753
5	2.236067977	11.7785083
4	2	10.28372592
3	1.732050808	8.788943528
3	1.732050808	8.788943528
4	2	10.28372592
2	1.414213562	7.29416114
7	2.645751311	14.76807308
7	2.645751311	14.76807308
3	1.732050808	8.788943528
2	1.414213562	7.29416114
9	3	17.75763785
2	1.414213562	7.29416114
4	2	10.28372592
6	2.449489743	13.27329069
3	1.732050808	8.788943528
1	1	5.799378753
7	2.645751311	14.76807308
4	2	10.28372592
10	3.16227766	19.25242024
10	3.16227766	19.25242024
5	2.236067977	11.7785083
7	2.645751311	14.76807308
9	3	17.75763785
13	3.605551275	23.7367674
9	3	17.75763785
12	3.464101615	22.24198502
14	3.741657387	25.23154979
13	3.605551275	23.7367674
13	3.605551275	23.7367674
20	4.472135955	34.20024412
26	5.099019514	43.16893844
23	4.795831523	38.68459128
22	4.69041576	37.18980889
25	5	41.67415605
36	6	58.11676232
37	6.08276253	59.6115447
41	6.403124237	65.59067425
57	7.549834435	89.50719245
52	7.211102551	82.03328052
52	7.211102551	82.03328052
45	6.708203932	71.5698038
49	7	77.54893335
58	7.615773106	91.00197484
53	7.280109889	83.5280629
57	7.549834435	89.50719245
51	7.141428429	80.53849813
51	7.141428429	80.53849813
43	6.557438524	68.58023903
41	6.403124237	65.59067425
50	7.071067812	79.04371574
41	6.403124237	65.59067425
45	6.708203932	71.5698038
46	6.782329983	73.06458619
39	6.244997998	62.60110948
35	5.916079783	56.62197993
29	5.385164807	47.6532856
23	4.795831523	38.68459128
11	3.31662479	20.74720263
20	4.472135955	34.20024412
27	5.196152423	44.66372083
13	3.605551275	23.7367674
12	3.464101615	22.24198502
9	3	17.75763785
6	2.449489743	13.27329069
4	2	10.28372592
1	1	5.799378753
1	1	5.799378753
1	1	5.799378753
4	2	10.28372592
0	0	4.304596365
2	1.414213562	7.29416114
0	0	4.304596365
4	2	10.28372592
2	1.414213562	7.29416114
0	0	4.304596365
1	1	5.799378753
0	0	4.304596365
0	0	4.304596365
0	0	4.304596365
0	0	4.304596365
0	0	4.304596365
2	1.414213562	7.29416114
1	1	5.799378753
0	0	4.304596365
0	0	4.304596365
1	1	5.799378753
0	0	4.304596365
1	1	5.799378753
0	0	4.304596365
2	1.414213562	7.29416114
0	0	4.304596365
1	1	5.799378753
0	0	4.304596365
0	0	4.304596365
0	0	4.304596365
0	0	4.304596365
2	1.414213562	7.29416114
0	0	4.304596365
0	0	4.304596365
0	0	4.304596365
2	1.414213562	7.29416114
0	0	4.304596365
0	0	4.304596365
1	1	5.799378753
0	0	4.304596365
1	1	5.799378753
0	0	4.304596365
1	1	5.799378753
0	0	4.304596365
0	0	4.304596365
0	0	4.304596365
2	1.414213562	7.29416114
0	0	4.304596365
0	0	4.304596365
0	0	4.304596365
0	0	4.304596365
0	0	4.304596365
1	1	5.799378753
1	1	5.799378753
0	0	4.304596365
0	0	4.304596365
0	0	4.304596365
1	1	5.799378753
0	0	4.304596365
1	1	5.799378753
1	1	5.799378753
1	1	5.799378753
0	0	4.304596365
0	0	4.304596365
1	1	5.799378753
0	0	4.304596365
0	0	4.304596365
1	1	5.799378753
0	0	4.304596365
1	1	5.799378753
1	1	5.799378753
0	0	4.304596365
1	1	5.799378753
0	0	4.304596365
1	1	5.799378753
0	0	4.304596365
1	1	5.799378753
1	1	5.799378753
1	1	5.799378753
2	1.414213562	7.29416114
1	1	5.799378753
1	1	5.799378753
0	0	4.304596365
0	0	4.304596365
0	0	4.304596365
0	0	4.304596365
2	1.414213562	7.29416114
0	0	4.304596365
0	0	4.304596365
0	0	4.304596365
0	0	4.304596365
0	0	4.304596365
0	0	4.304596365
0	0	4.304596365
0	0	4.304596365
0	0	4.304596365
1	1	5.799378753
1	1	5.799378753
0	0	4.304596365
0	0	4.304596365
1	1	5.799378753
0	0	4.304596365
1	1	5.799378753
0	0	4.304596365
1	1	5.799378753
0	0	4.304596365
0	0	4.304596365
0	0	4.304596365
0	0	4.304596365
0	0	4.304596365
0	0	4.304596365
1	1	5.799378753
0	0	4.304596365
0	0	4.304596365
0	0	4.304596365
0	0	4.304596365
0	0	4.304596365
1	1	5.799378753
0	0	4.304596365
3	1.732050808	8.788943528
0	0	4.304596365
0	0	4.304596365
0	0	4.304596365
1	1	5.799378753
0	0	4.304596365
0	0	4.304596365
0	0	4.304596365
0	0	4.304596365
1	1	5.799378753
0	0	4.304596365
1	1	5.799378753
1	1	5.799378753
2	1.414213562	7.29416114
1	1	5.799378753
0	0	4.304596365
0	0	4.304596365
0	0	4.304596365
0	0	4.304596365
1	1	5.799378753
0	0	4.304596365
1	1	5.799378753
1	1	5.799378753
0	0	4.304596365
0	0	4.304596365
1	1	5.799378753
1	1	5.799378753
2	1.414213562	7.29416114
1	1	5.799378753
0	0	4.304596365
0	0	4.304596365
0	0	4.304596365
0	0	4.304596365
1	1	5.799378753
0	0	4.304596365
1	1	5.799378753
1	1	5.799378753
0	0	4.304596365
0	0	4.304596365
1	1	5.799378753
0	0	4.304596365
0	0	4.304596365
0	0	4.304596365
1	1	5.799378753
2	1.414213562	7.29416114
0	0	4.304596365
0	0	4.304596365
0	0	4.304596365
1	1	5.799378753
0	0	4.304596365
0	0	4.304596365
1	1	5.799378753
0	0	4.304596365
0	0	4.304596365
0	0	4.304596365
0	0	4.304596365
0	0	4.304596365
0	0	4.304596365
1	1	5.799378753
1	1	5.799378753
0	0	4.304596365
0	0	4.304596365
0	0	4.304596365
0	0	4.304596365
0	0	4.304596365
1	1	5.799378753
0	0	4.304596365
0	0	4.304596365
0	0	4.304596365
0	0	4.304596365
0	0	4.304596365
0	0	4.304596365
0	0	4.304596365
1	1	5.799378753
2	1.414213562	7.29416114
0	0	4.304596365
0	0	4.304596365
0	0	4.304596365
0	0	4.304596365
1	1	5.799378753
0	0	4.304596365
2	1.414213562	7.29416114
1	1	5.799378753
0	0	4.304596365
0	0	4.304596365
0	0	4.304596365
0	0	4.304596365
0	0	4.304596365
0	0	4.304596365
0	0	4.304596365
0	0	4.304596365
1	1	5.799378753
0	0	4.304596365
0	0	4.304596365
0	0	4.304596365
0	0	4.304596365
0	0	4.304596365
0	0	4.304596365
0	0	4.304596365
0	0	4.304596365
0	0	4.304596365
2	1.414213562	7.29416114
2	1.414213562	7.29416114
0	0	4.304596365
1	1	5.799378753
0	0	4.304596365
0	0	4.304596365
1	1	5.799378753
1	1	5.799378753
0	0	4.304596365
0	0	4.304596365
0	0	4.304596365
0	0	4.304596365
0	0	4.304596365
0	0	4.304596365
5	2.236067977	11.7785083
5	2.236067977	11.7785083
3	1.732050808	8.788943528
4	2	10.28372592
4	2	10.28372592
5	2.236067977	11.7785083
3	1.732050808	8.788943528
3	1.732050808	8.788943528
6	2.449489743	13.27329069
4	2	10.28372592
1	1	5.799378753
1	1	5.799378753
3	1.732050808	8.788943528
2	1.414213562	7.29416114
5	2.236067977	11.7785083
6	2.449489743	13.27329069
0	0	4.304596365
2	1.414213562	7.29416114
2	1.414213562	7.29416114
1	1	5.799378753
1	1	5.799378753
5	2.236067977	11.7785083
1	1	5.799378753
3	1.732050808	8.788943528
1	1	5.799378753
1	1	5.799378753
8	2.828427125	16.26285547
1	1	5.799378753
4	2	10.28372592
2	1.414213562	7.29416114
6	2.449489743	13.27329069
2	1.414213562	7.29416114
0	0	4.304596365
1	1	5.799378753
6	2.449489743	13.27329069
1	1	5.799378753
4	2	10.28372592
1	1	5.799378753
2	1.414213562	7.29416114
4	2	10.28372592
3	1.732050808	8.788943528
1	1	5.799378753
1	1	5.799378753
2	1.414213562	7.29416114
2	1.414213562	7.29416114
4	2	10.28372592
