$SPEC_ID:
No sample description was entered.
$SPEC_REM:
DET# 3
DETDESC# MCB 25
AP# Maestro Version 6.05
$DATE_MEA:
03/18/2016 10:04:19
$MEAS_TIM:
270 274
$DATA:
0 2047
       0
       0
       0
       0
       0
       0
       0
       0
       0
       0
       0
       0
       0
       0
       0
       0
       0
       0
       0
       0
       0
       0
       0
       0
       0
       0
       0
       0
       0
       0
       0
       0
       4
     158
    1010
    1444
    1539
    1609
    1549
    1700
    1738
    1756
    1947
    2164
    2495
    2901
    3701
    4469
    5382
    6368
    7551
    8059
    8305
    8131
    7894
    7016
    6251
    5298
    4273
    3567
    2915
    2249
    1870
    1580
    1361
    1244
    1168
    1077
    1082
    1117
    1078
    1053
    1070
     987
     993
    1022
    1037
    1064
    1067
    1018
    1116
    1030
    1032
    1041
    1060
    1097
    1072
    1092
    1068
    1102
    1110
    1205
    1150
    1203
    1186
    1220
    1209
    1238
    1282
    1264
    1376
    1335
    1362
    1481
    1478
    1394
    1412
    1488
    1329
    1338
    1396
    1352
    1325
    1266
    1258
    1248
    1297
    1233
    1269
    1275
    1253
    1218
    1269
    1250
    1179
    1240
    1274
    1197
    1300
    1268
    1272
    1198
    1215
    1180
    1170
    1069
    1063
    1021
    1023
     948
     899
     868
     838
     796
     775
     758
     751
     740
     730
     755
     661
     675
     606
     607
     558
     525
     526
     531
     495
     458
     443
     449
     444
     402
     427
     410
     410
     398
     376
     387
     365
     365
     386
     397
     424
     428
     534
     610
     724
     859
     956
    1140
    1139
    1226
    1194
    1117
    1080
     948
     815
     735
     708
     618
     640
     719
     915
    1110
    1364
    1618
    1899
    2214
    2255
    2324
    2325
    2124
    1886
    1678
    1390
    1140
     909
     701
     540
     434
     355
     306
     284
     251
     243
     252
     275
     246
     245
     256
     296
     342
     389
     465
     535
     736
    1008
    1387
    1973
    2793
    3612
    4613
    5262
    5901
    6223
    6176
    5887
    5331
    4674
    3877
    3128
    2470
    1879
    1385
    1066
     793
     644
     611
     594
     689
     726
     853
     877
     889
     836
     813
     737
     598
     469
     410
     322
     227
     173
     115
      87
      58
      53
      30
      27
      40
      24
      26
      24
      26
      22
      33
      31
      22
      25
      43
      38
      36
      46
      43
      70
      66
      74
      90
      79
      83
      64
      61
      43
      62
      49
      54
      30
      33
      21
      21
      19
      11
      14
      22
       7
      17
      19
      17
      19
      12
      16
      16
      18
      15
       6
      11
      12
      16
       9
      13
      16
       8
      10
       9
      15
      16
      13
      13
       9
      11
      14
      11
      23
      18
      11
      11
      19
      10
      16
      14
      22
      10
      11
       6
      20
      11
      10
      10
      10
      15
       8
      11
       6
      10
       6
      12
       8
       8
       6
       9
      10
      15
      19
       8
      14
      12
       6
      12
       9
      10
       8
      10
       7
       8
      10
      11
      10
       7
       7
      12
       6
       8
       7
      14
      12
      11
      12
      10
      12
      14
       9
       9
      10
       6
      10
      14
      24
      15
      22
      21
      16
      29
      23
      19
      25
      21
      23
      15
      18
      16
      15
      11
      12
      11
       9
      13
       6
       3
       7
      12
       6
       7
       4
       8
       2
       7
       6
      11
       3
       3
       4
       7
       6
       5
       6
      10
      15
      11
       9
      13
       9
      13
       8
       7
      11
      12
       5
       6
       4
       9
       4
       4
       3
       3
       6
       9
       8
       2
       3
       4
       5
       7
       3
       8
       4
       6
       3
       5
       6
       5
       8
       5
       5
       5
       5
       3
       8
       8
       7
       5
       6
       4
       5
       2
       1
       2
       5
       7
       7
       9
       7
       4
       5
       4
       2
       3
       5
       6
       5
       7
       3
       5
      10
       7
       5
       6
       8
       9
       6
       8
       4
       3
       7
       6
       5
       8
       1
       6
       5
       1
       5
       5
       4
       5
       5
       3
       3
       1
       6
       7
       8
       5
       2
       1
       4
       5
       2
       1
       4
       4
       5
       2
       4
       5
       6
       4
       3
       8
       3
       5
       6
       4
       2
       7
       3
       3
       6
       5
       5
       4
       3
       3
      11
       2
       2
       4
       4
       0
       2
       8
       4
       5
       4
       2
       5
       6
       3
       1
       7
       3
       3
       4
       0
       4
       1
       3
       2
       4
       5
       8
       3
       6
       3
       4
       3
       4
       5
       1
       0
       4
       4
       8
      12
       4
       6
       1
       1
       5
       7
       7
       5
       6
       2
       6
       1
       3
       5
       4
       6
       4
       3
       6
       3
       6
       3
       3
       1
       8
       2
       7
       7
       4
       3
       3
       2
       4
       4
       3
       2
       2
       6
       3
       4
       4
       6
       1
       3
       7
       3
       4
       2
       5
       1
       5
       7
       2
       3
       3
       1
       5
       0
       2
       4
       2
       2
       4
       3
       3
       2
       5
       2
       5
       1
       2
       6
       6
       0
       0
       1
       2
       0
       2
       4
       1
       1
       6
       2
       3
       4
       2
       1
       3
       3
       2
       6
       3
       3
       4
       1
       1
       2
       1
       3
       1
       5
       2
       3
       2
       0
       2
       4
       8
       5
       1
       5
       2
       1
       1
       3
       5
       5
       2
       3
       4
       1
       0
       0
       3
       3
       2
       3
       5
       4
       1
       2
       1
       4
       5
       4
       3
       5
       8
       4
       2
       2
       5
       6
       0
       7
       4
       5
       4
       4
       4
       8
       4
       4
       1
       5
       0
       2
       2
       4
       2
       5
       3
       2
       5
       3
       1
       0
       2
       5
       1
       4
       2
       4
       3
       4
       2
       5
       3
       4
       4
       3
       1
       2
       2
       2
       4
       1
       1
       3
       3
       5
       0
       2
       1
       1
       2
       0
       2
       3
       1
       0
       2
       0
       9
       1
       3
       2
       2
       2
       5
       3
       1
       2
       1
       2
       3
       2
       2
       2
       4
       4
       3
       0
       4
       2
       6
       2
       2
       2
       4
       2
       0
       1
       2
       0
       0
       4
       2
       5
       3
       3
       5
       3
       2
       4
       1
       2
       4
       2
       1
       3
       0
       6
       2
       3
       2
       2
       1
       0
       1
       2
       1
       1
       2
       0
       2
       1
       2
       1
       0
       2
       2
       2
       5
       1
       1
       3
       1
       0
       0
       4
       2
       2
       1
       3
       0
       1
       2
       3
       1
       2
       2
       0
       2
       1
       2
       2
       2
       1
       1
       2
       1
       1
       4
       1
       1
       3
       3
       1
       1
       2
       0
       1
       1
       3
       3
       2
       2
       2
       3
       1
       4
       6
       4
       3
       2
       4
       2
       1
       3
       3
       1
       1
       0
       2
       1
       0
       1
       2
       2
       1
       1
       2
       1
       0
       2
       2
       1
       3
       0
       0
       3
       2
       2
       1
       3
       1
       2
       0
       2
       1
       2
       3
       4
       2
       2
       1
       3
       7
       3
       1
       3
       1
       2
       3
       4
       2
       1
       1
       1
       0
       2
       4
       0
       1
       2
       1
       0
       3
       3
       2
       0
       2
       4
       3
       3
       1
       2
       3
       3
       2
       0
       2
       3
       2
       2
       1
       1
       1
       0
       1
       1
       1
       2
       1
       3
       1
       0
       2
       0
       2
       1
       0
       1
       0
       0
       1
       2
       3
       0
       4
       2
       0
       1
       1
       0
       0
       0
       0
       0
       3
       0
       1
       1
       1
       2
       1
       0
       1
       1
       1
       1
       0
       0
       0
       2
       2
       0
       1
       0
       0
       3
       1
       3
       1
       1
       1
       3
       4
       0
       0
       0
       0
       1
       2
       0
       0
       0
       1
       1
       3
       1
       2
       1
       1
       1
       0
       1
       0
       0
       2
       0
       1
       1
       2
       2
       0
       0
       0
       0
       2
       0
       0
       2
       0
       0
       1
       0
       1
       0
       0
       0
       0
       3
       0
       0
       1
       2
       0
       1
       1
       1
       0
       0
       2
       0
       0
       0
       1
       0
       0
       0
       1
       2
       3
       1
       2
       1
       0
       0
       1
       1
       0
       0
       2
       0
       1
       0
       0
       1
       0
       0
       1
       2
       2
       2
       2
       2
       0
       0
       1
       2
       1
       1
       2
       1
       3
       5
       3
       2
       3
       7
       3
       1
       7
       1
       3
       0
       2
       3
       3
       3
       2
       2
       0
       1
       0
       0
       0
       1
       0
       2
       1
       0
       0
       0
       0
       2
       1
       0
       0
       0
       1
       1
       0
       0
       0
       0
       1
       0
       1
       0
       0
       0
       0
       0
       3
       1
       0
       0
       1
       0
       0
       1
       1
       1
       0
       0
       2
       1
       3
       0
       1
       0
       1
       0
       1
       0
       1
       0
       0
       0
       1
       0
       0
       0
       0
       1
       0
       1
       0
       2
       0
       1
       0
       1
       0
       1
       1
       0
       0
       2
       0
       1
       0
       0
       1
       0
       0
       0
       0
       2
       0
       1
       0
       0
       0
       0
       1
       0
       0
       1
       0
       0
       0
       0
       0
       2
       1
       0
       1
       0
       0
       0
       0
       1
       0
       1
       2
       0
       0
       0
       0
       0
       0
       0
       0
       0
       0
       0
       0
       0
       0
       0
       1
       2
       0
       0
       1
       0
       0
       1
       1
       0
       0
       0
       0
       0
       0
       1
       1
       0
       0
       1
       0
       0
       0
       0
       0
       0
       0
       1
       0
       0
       0
       0
       0
       2
       0
       1
       0
       1
       0
       1
       2
       0
       0
       0
       0
       1
       0
       0
       0
       0
       0
       0
       0
       0
       0
       0
       1
       1
       0
       0
       0
       0
       0
       0
       0
       0
       0
       1
       0
       0
       0
       0
       1
       0
       0
       0
       0
       0
       0
       0
       0
       1
       1
       0
       0
       1
       0
       1
       0
       0
       2
       0
       0
       0
       0
       1
       1
       1
       0
       0
       1
       0
       0
       0
       0
       1
       0
       1
       0
       0
       0
       0
       0
       0
       0
       0
       1
       0
       0
       0
       0
       0
       0
       1
       0
       0
       0
       1
       0
       0
       0
       1
       0
       0
       0
       0
       0
       0
       2
       0
       1
       1
       1
       0
       0
       1
       0
       1
       1
       1
       1
       3
       0
       0
       2
       1
       0
       1
       2
       0
       0
       1
       1
       1
       1
       0
       0
       1
       0
       2
       1
       0
       0
       0
       0
       0
       0
       0
       0
       0
       1
       0
       0
       0
       0
       0
       0
       0
       0
       0
       0
       0
       1
       0
       0
       1
       1
       1
       0
       0
       0
       0
       0
       0
       0
       0
       0
       0
       0
       0
       0
       1
       0
       0
       1
       0
       0
       0
       1
       0
       0
       0
       0
       0
       0
       0
       0
       0
       0
       0
       0
       0
       0
       0
       0
       1
       0
       1
       0
       0
       0
       0
       0
       1
       0
       0
       0
       0
       0
       1
       0
       0
       0
       0
       0
       1
       0
       0
       0
       2
       0
       0
       0
       0
       0
       0
       0
       1
       0
       0
       0
       0
       0
       0
       0
       0
       0
       0
       0
       0
       0
       0
       0
       0
       0
       0
       1
       0
       0
       0
       0
       0
       0
       0
       1
       0
       0
       0
       0
       0
       0
       0
       0
       1
       0
       0
       0
       0
       0
       0
       0
       1
       0
       0
       1
       0
       3
       1
       1
       1
       0
       0
       0
       0
       2
       0
       0
       0
       0
       0
       0
       0
       0
       0
       0
       0
       0
       0
       0
       0
       0
       0
       0
       1
       0
       0
       0
       0
       1
       0
       0
       0
       0
       0
       0
       0
       0
       0
       0
       0
       0
       0
       0
       0
       0
       0
       0
       0
       0
       0
       0
       0
       0
       0
       0
       1
       0
       0
       1
       0
       0
       1
       0
       0
       0
       0
       0
       0
       0
       0
       0
       0
       0
       0
       0
       0
       0
       0
       0
       0
       0
       0
       0
       0
       0
       0
       0
       0
       0
       0
       1
       0
       0
       0
       1
       0
       0
       0
       2
       0
       0
       1
       2
       1
       3
       1
       1
       2
       2
       0
       1
       0
       1
       1
       2
       0
       1
       2
       1
       1
       0
       0
       1
       0
       0
       1
       0
       0
       0
       1
       0
       0
       0
       0
       0
       0
       0
       0
       0
       0
       0
       0
       0
       0
       0
       0
       0
       0
       0
       0
       0
       0
       0
       0
       0
       0
       0
       0
       0
       0
       0
       0
       0
       0
       0
       0
       0
       0
       0
       0
       0
       0
       0
       0
       0
       0
       0
       0
       0
       0
       0
       0
       0
       0
       0
       0
       0
       0
       0
       0
       0
       0
       0
       0
       0
       0
       0
       0
       0
       0
       0
       0
       0
       0
       0
       0
       0
       0
       0
       1
       0
       0
       0
       0
       0
       0
       0
       0
       0
       0
       0
       0
       0
       0
       0
       0
       0
       0
       0
       0
       0
       0
       0
       0
       0
       0
       0
       0
       0
       0
       0
       0
       0
       0
       0
       0
       0
       0
       1
       0
       0
       0
       0
       0
       0
       0
       0
       0
       0
       0
       0
       0
       0
       0
       0
       0
       0
       0
       0
       0
       0
       0
       0
       1
       0
       0
       0
       0
       0
       0
       0
       0
       0
       0
       0
       0
       1
       0
       0
       0
       0
       0
       0
       0
       0
       0
       0
       0
       0
       0
       0
       0
       0
       0
       0
       0
       0
       0
       0
       0
       0
       0
       0
       0
       0
       0
       0
       0
       0
       0
       0
       0
       0
       0
       0
       0
       0
       0
       0
       0
       0
       0
       0
       0
       0
       1
       0
       1
       0
       0
       0
       0
       0
       0
       0
       0
       0
       0
       0
       0
       0
       0
       0
       0
       0
       0
       0
       0
       1
       0
       1
       0
       3
       3
       5
       4
       4
       5
       2
       3
       3
       2
       5
       3
       5
       0
       4
       6
       2
       5
       3
       2
       2
       6
       4
       2
       3
       2
       5
       6
       3
       2
       1
       4
       5
       5
       3
       6
       3
       3
       6
       4
       2
       3
       3
       4
       5
       3
$ROI:
5
39 74
172 190
194 213
219 247
250 268
$PRESETS:
Live Time
360
0
$ENER_FIT:
0.000000 0.000000
$MCA_CAL:
3
0.000000E+000 0.000000E+000 0.000000E+000
$SHAPE_CAL:
3
0.000000E+000 0.000000E+000 0.000000E+000
