$SPEC_ID:
No sample description was entered.
$SPEC_REM:
DET# 3
DETDESC# MCB 25
AP# Maestro Version 6.05
$DATE_MEA:
03/18/2016 09:56:09
$MEAS_TIM:
178 178
$DATA:
0 2047
       0
       0
       0
       0
       0
       0
       0
       0
       0
       0
       0
       0
       0
       0
       0
       0
       0
       0
       0
       0
       0
       0
       0
       0
       0
       0
       0
       0
       0
       0
       0
       0
       0
       4
      39
      51
      68
      83
      87
      67
     103
      86
      98
      88
      95
     107
     123
     138
     153
     175
     189
     217
     226
     254
     303
     342
     322
     378
     373
     315
     284
     233
     227
     201
     173
     146
     121
     120
     112
      93
     117
     106
     106
     111
      94
      82
      90
     102
     102
      84
      95
      96
     108
      87
      95
      87
      79
      92
      83
      91
      97
      81
      84
      86
      90
      68
      75
      86
      79
      91
      61
      86
      94
      89
      78
      91
      80
      75
      70
      69
      83
      64
      72
      81
      60
      65
      72
      64
      64
      73
      69
      67
      63
      55
      60
      69
      66
      40
      59
      64
      60
      58
      47
      48
      50
      49
      38
      56
      62
      66
      52
      54
      42
      49
      40
      42
      41
      38
      46
      53
      40
      40
      40
      33
      37
      42
      38
      42
      37
      45
      42
      44
      41
      41
      29
      44
      38
      29
      34
      35
      34
      28
      26
      26
      21
      34
      25
      30
      28
      29
      25
      27
      26
      30
      34
      33
      28
      36
      26
      34
      39
      19
      31
      29
      35
      27
      35
      42
      40
      28
      39
      48
      26
      33
      23
      26
      24
      18
      19
      25
      21
      23
      23
      27
      17
      25
      13
      11
      24
      19
      22
      11
      21
      20
      19
      12
      15
      21
      21
      29
      31
      37
      50
      53
      68
      53
      60
      64
      58
      57
      48
      39
      42
      34
      25
      17
      15
      10
      10
      10
      12
      21
      17
      13
      16
      20
      15
      13
      24
      14
      12
      14
      10
      13
       9
      10
      10
      17
       7
      15
      12
      14
      13
      18
       9
      10
      10
      10
      12
       9
       9
      10
       8
       6
       8
       8
       3
       8
      15
       8
       9
      12
      13
      18
       7
       8
       7
       8
       8
       7
      13
      10
       6
       8
       4
       7
       6
       7
       7
      12
       8
       7
       6
      10
      12
       9
       7
       4
       7
      12
       7
      10
       9
       8
       3
       8
       6
      10
      12
       7
       4
       9
       6
       6
       4
      10
      13
       5
      13
       7
       8
       8
      11
       8
       7
      12
       7
      12
       7
       8
       6
       3
       6
       4
       5
       7
      11
       3
       5
       7
       5
       7
       7
       6
       7
      10
       5
       7
       7
       4
       2
       9
       8
       5
       4
       5
       7
       3
       2
       1
       8
       9
      12
       3
       6
       7
       6
       4
       7
      13
       3
       7
       8
       5
       5
       5
       3
       4
       4
       6
      12
       9
      14
      11
      11
      14
      10
      12
      13
      13
      12
       8
       4
       8
       5
       3
       6
       3
       5
       6
       4
       4
       8
       2
       8
       3
       6
       6
       2
       4
       3
       7
       8
       2
       3
       5
       5
      11
       9
       8
       8
       5
      10
       6
       8
      12
       4
       2
       4
       3
       4
       4
       1
       4
       2
       4
       1
       2
       3
       2
       1
       1
       1
       5
       3
       2
       4
       4
       4
       3
       1
       3
       6
       3
       1
       6
       3
       4
       1
       2
       3
       2
       1
       4
       7
       5
       1
       2
       3
       7
       4
       5
       3
       2
       2
       4
       1
       2
       2
       3
       3
       3
       1
       3
       2
       5
       0
       3
       2
       7
       0
       4
       2
       8
       3
       5
       3
       1
       2
       3
       4
       2
       0
       1
       4
       2
       4
       2
       4
       2
       3
       1
       1
       3
       1
       2
       2
       5
       7
       1
       6
       1
       3
       3
       1
       2
       1
       1
       2
       3
       4
       3
       4
       3
       0
       1
       0
       3
       1
       4
       6
       0
       4
       3
       4
       1
       2
       5
       3
       0
       4
       1
       2
       1
       3
       2
       1
       4
       3
       1
       1
       2
       4
       0
       0
       1
       2
       2
       2
       2
       0
       1
       3
       2
       3
       2
       4
       1
       3
       4
       2
       1
       3
       6
       3
       3
       2
       0
       5
       5
       1
       4
       2
       2
       7
       1
       1
       1
       5
       2
       2
       2
       5
       0
       1
       2
       1
       5
       4
       4
       3
       3
       0
       3
       5
       3
       1
       1
       1
       2
       3
       1
       2
       2
       0
       1
       2
       3
       3
       1
       3
       3
       3
       1
       0
       1
       1
       3
       3
       0
       2
       1
       1
       1
       0
       3
       0
       4
       3
       2
       5
       1
       3
       5
       6
       3
       1
       1
       2
       2
       3
       1
       4
       2
       0
       1
       2
       1
       1
       1
       1
       2
       1
       1
       2
       2
       2
       3
       0
       0
       2
       0
       1
       3
       1
       0
       1
       1
       3
       1
       2
       3
       1
       2
       0
       4
       4
       0
       1
       3
       1
       2
       1
       1
       1
       0
       1
       4
       1
       3
       4
       5
       0
       1
       2
       1
       2
       2
       0
       3
       1
       1
       3
       0
       2
       4
       5
       3
       4
       3
       2
       5
       5
       4
       4
       4
       2
       0
       2
       1
       0
       1
       0
       1
       5
       0
       2
       2
       2
       0
       2
       1
       2
       3
       4
       2
       1
       0
       1
       3
       0
       2
       2
       0
       1
       1
       0
       2
       2
       4
       1
       1
       2
       2
       1
       2
       2
       3
       1
       4
       0
       0
       1
       3
       2
       2
       1
       2
       1
       0
       2
       2
       1
       1
       3
       1
       0
       0
       2
       5
       2
       1
       1
       1
       1
       0
       2
       3
       5
       3
       0
       0
       0
       0
       1
       1
       1
       3
       1
       1
       1
       0
       0
       0
       3
       1
       2
       0
       0
       0
       0
       2
       1
       1
       0
       1
       0
       1
       3
       2
       1
       1
       1
       0
       2
       0
       0
       0
       1
       0
       1
       1
       3
       1
       0
       2
       0
       1
       0
       1
       2
       1
       0
       0
       1
       0
       0
       1
       1
       0
       0
       2
       1
       1
       0
       1
       0
       0
       0
       1
       3
       0
       2
       0
       0
       0
       2
       1
       0
       0
       1
       1
       1
       0
       1
       2
       2
       1
       3
       5
       1
       2
       3
       1
       1
       1
       0
       1
       0
       0
       0
       1
       0
       0
       0
       0
       2
       1
       1
       1
       0
       0
       5
       1
       2
       1
       1
       1
       1
       0
       1
       2
       2
       0
       0
       1
       3
       1
       2
       1
       1
       2
       2
       0
       1
       2
       0
       0
       3
       0
       1
       1
       1
       3
       1
       1
       1
       1
       2
       2
       1
       1
       1
       1
       1
       1
       0
       1
       1
       0
       0
       0
       0
       3
       0
       0
       0
       0
       1
       1
       0
       0
       3
       1
       0
       1
       2
       0
       2
       2
       1
       1
       1
       0
       1
       1
       0
       2
       1
       0
       2
       1
       0
       1
       0
       2
       2
       2
       0
       1
       3
       1
       0
       2
       0
       0
       1
       0
       0
       1
       1
       0
       2
       1
       3
       0
       1
       2
       1
       2
       1
       0
       1
       0
       3
       1
       2
       2
       3
       1
       0
       3
       0
       0
       3
       3
       1
       0
       0
       0
       3
       0
       0
       1
       0
       0
       1
       0
       0
       0
       1
       1
       0
       0
       0
       1
       1
       1
       0
       0
       0
       2
       1
       0
       0
       3
       0
       0
       1
       0
       0
       0
       0
       0
       1
       0
       0
       0
       0
       0
       0
       0
       1
       0
       2
       1
       2
       0
       2
       1
       1
       1
       0
       0
       1
       1
       1
       0
       1
       0
       0
       1
       1
       0
       1
       0
       1
       0
       0
       1
       1
       0
       0
       0
       0
       1
       0
       0
       0
       0
       1
       2
       0
       0
       1
       2
       0
       0
       2
       1
       0
       0
       0
       2
       2
       2
       0
       2
       1
       0
       1
       2
       0
       2
       1
       3
       2
       4
       3
       0
       0
       3
       3
       1
       2
       2
       2
       1
       0
       1
       1
       2
       0
       0
       0
       0
       1
       1
       0
       0
       0
       0
       0
       1
       0
       1
       1
       1
       0
       0
       0
       0
       0
       0
       0
       1
       0
       0
       0
       1
       0
       0
       1
       0
       2
       0
       0
       2
       0
       2
       0
       1
       0
       1
       1
       0
       1
       0
       0
       0
       1
       0
       0
       0
       0
       0
       0
       0
       0
       1
       0
       1
       1
       1
       0
       0
       0
       0
       0
       0
       0
       1
       0
       1
       0
       1
       0
       0
       0
       1
       0
       0
       1
       0
       0
       0
       1
       0
       0
       1
       0
       0
       0
       0
       1
       0
       0
       0
       0
       0
       1
       0
       1
       0
       1
       0
       1
       0
       0
       1
       0
       1
       0
       0
       0
       0
       2
       0
       0
       2
       0
       1
       1
       0
       0
       1
       0
       0
       0
       0
       0
       0
       1
       0
       0
       0
       1
       0
       0
       1
       0
       0
       0
       1
       0
       1
       0
       1
       0
       0
       1
       1
       1
       0
       1
       0
       0
       0
       0
       0
       0
       0
       0
       0
       0
       0
       0
       0
       0
       0
       0
       1
       0
       0
       1
       0
       0
       1
       1
       0
       0
       0
       0
       1
       0
       1
       0
       0
       0
       0
       1
       0
       0
       0
       0
       0
       0
       0
       1
       0
       0
       0
       0
       0
       2
       1
       0
       0
       0
       2
       0
       0
       1
       0
       0
       0
       1
       0
       1
       0
       0
       1
       0
       0
       0
       0
       1
       1
       0
       0
       0
       0
       0
       0
       1
       0
       0
       0
       0
       2
       1
       0
       0
       0
       0
       0
       0
       0
       0
       0
       0
       0
       1
       0
       0
       2
       0
       1
       0
       0
       0
       0
       0
       0
       0
       0
       0
       0
       1
       0
       0
       0
       1
       0
       0
       0
       0
       0
       0
       0
       0
       0
       2
       0
       1
       0
       2
       0
       0
       1
       1
       2
       0
       0
       0
       2
       3
       0
       0
       1
       0
       0
       0
       0
       0
       0
       0
       0
       0
       0
       0
       0
       0
       0
       0
       0
       0
       0
       0
       0
       0
       0
       0
       0
       0
       1
       0
       0
       0
       0
       0
       0
       0
       1
       0
       0
       0
       0
       0
       1
       0
       0
       0
       0
       0
       0
       0
       0
       0
       0
       0
       0
       0
       0
       1
       0
       0
       0
       1
       0
       0
       0
       1
       0
       0
       1
       0
       0
       0
       0
       1
       0
       1
       0
       1
       0
       0
       0
       0
       0
       0
       0
       0
       0
       0
       0
       0
       0
       0
       0
       0
       0
       0
       0
       0
       0
       0
       0
       0
       0
       0
       0
       0
       0
       0
       1
       0
       0
       0
       0
       0
       0
       0
       0
       0
       0
       0
       1
       0
       0
       0
       0
       1
       0
       0
       0
       1
       0
       0
       0
       1
       0
       0
       1
       1
       0
       0
       0
       0
       0
       0
       0
       0
       0
       0
       0
       0
       0
       0
       0
       0
       0
       0
       0
       0
       0
       0
       0
       0
       0
       0
       0
       0
       0
       0
       0
       0
       0
       1
       0
       0
       0
       0
       0
       0
       0
       0
       0
       0
       0
       0
       0
       0
       0
       0
       0
       0
       0
       1
       0
       0
       0
       0
       0
       0
       0
       0
       1
       0
       0
       0
       0
       0
       0
       0
       0
       0
       0
       0
       0
       0
       0
       0
       0
       0
       0
       0
       0
       0
       0
       0
       0
       0
       0
       0
       0
       0
       0
       0
       0
       0
       0
       0
       0
       0
       0
       0
       0
       0
       0
       0
       0
       0
       0
       1
       0
       0
       1
       0
       0
       0
       0
       0
       0
       0
       0
       0
       0
       1
       1
       1
       1
       0
       0
       0
       0
       0
       1
       0
       0
       0
       0
       0
       0
       0
       0
       0
       0
       0
       0
       0
       0
       0
       0
       0
       0
       0
       0
       0
       0
       0
       0
       0
       0
       0
       0
       0
       0
       0
       0
       0
       0
       0
       0
       0
       0
       0
       0
       0
       0
       0
       0
       0
       0
       0
       1
       0
       0
       0
       0
       0
       0
       0
       0
       0
       0
       0
       0
       0
       0
       0
       0
       0
       0
       0
       0
       0
       0
       0
       0
       0
       0
       0
       0
       0
       0
       0
       0
       0
       0
       0
       0
       0
       0
       0
       0
       0
       0
       0
       0
       0
       0
       0
       0
       0
       0
       0
       0
       0
       0
       0
       0
       0
       0
       0
       0
       0
       0
       0
       0
       0
       0
       0
       0
       0
       0
       0
       0
       0
       0
       0
       0
       0
       0
       0
       0
       0
       0
       0
       0
       0
       0
       0
       0
       0
       0
       0
       0
       0
       0
       0
       0
       0
       0
       0
       0
       0
       0
       0
       0
       0
       0
       0
       0
       1
       0
       0
       0
       0
       0
       0
       0
       0
       0
       0
       0
       0
       0
       0
       0
       0
       0
       0
       0
       0
       0
       0
       0
       0
       0
       0
       0
       0
       0
       0
       0
       0
       0
       0
       0
       0
       0
       0
       0
       0
       0
       0
       0
       0
       0
       0
       0
       0
       0
       0
       0
       0
       0
       0
       0
       0
       0
       0
       0
       0
       0
       0
       1
       0
       0
       0
       0
       0
       0
       0
       0
       0
       0
       0
       0
       0
       0
       0
       0
       0
       0
       0
       0
       0
       0
       0
       0
       3
       1
       3
       1
       2
       4
       0
       2
       2
       2
       3
       3
       3
       3
       7
       2
       3
       3
       2
       0
       2
       3
       2
       4
       5
       3
       4
       0
       1
       4
       3
       3
       3
       3
       3
       1
       5
       2
       5
       0
       4
       5
       2
       1
       1
       5
$ROI:
1
45 73
$PRESETS:
Live Time
360
0
$ENER_FIT:
0.000000 0.000000
$MCA_CAL:
3
0.000000E+000 0.000000E+000 0.000000E+000
$SHAPE_CAL:
3
0.000000E+000 0.000000E+000 0.000000E+000
