$SPEC_ID:
No sample description was entered.
$SPEC_REM:
DET# 3
DETDESC# MCB 25
AP# Maestro Version 6.05
$DATE_MEA:
03/18/2016 09:43:38
$MEAS_TIM:
360 361
$DATA:
0 2047
       0
       0
       0
       0
       0
       0
       0
       0
       0
       0
       0
       0
       0
       0
       0
       0
       0
       0
       0
       0
       0
       0
       0
       0
       0
       0
       0
       0
       0
       0
       0
       0
       0
       8
      87
     191
     205
     192
     189
     183
     150
     184
     203
     189
     210
     208
     225
     238
     255
     256
     276
     330
     322
     338
     398
     426
     455
     444
     469
     469
     484
     498
     545
     550
     518
     566
     535
     500
     536
     642
     750
     811
    1010
    1423
    1788
    2374
    3007
    3603
    3975
    4332
    4530
    4381
    3967
    3558
    3233
    2640
    2224
    1924
    1563
    1406
    1134
     977
     727
     646
     526
     497
     371
     327
     261
     251
     220
     204
     150
     152
     153
     164
     155
     116
     129
     123
     118
     111
     116
     142
     149
     117
     126
     119
      99
     109
     106
     130
     125
      92
     101
     104
      99
      97
     111
     103
     109
     106
      96
     102
     103
      98
      91
      76
      92
     102
      71
      77
      99
      83
      82
      80
      80
      79
      86
      76
      85
      79
      91
      73
      64
      76
      63
      69
      91
      88
      81
      89
      73
      70
      69
      65
      73
      45
      50
      63
      63
      64
      48
      52
      55
      49
      48
      55
      59
      39
      46
      48
      56
      50
      52
      38
      47
      55
      45
      54
      53
      52
      64
      48
      49
      66
      58
      47
      55
      41
      53
      45
      46
      50
      41
      38
      36
      33
      30
      27
      37
      34
      32
      26
      30
      31
      20
      28
      23
      25
      44
      32
      44
      30
      29
      30
      38
      49
      42
      36
      47
      51
      59
      64
      64
      54
      63
      42
      36
      37
      33
      34
      26
      34
      28
      24
      25
      34
      24
      24
      19
      21
      31
      24
      30
      26
      15
      32
      29
      24
      20
      24
      21
      20
      20
      21
      21
      23
      19
      20
      32
      20
      16
      25
      23
      23
      14
      15
      18
      35
      23
      23
      11
      26
      13
      18
      19
      19
      13
      25
      18
      15
      21
      31
      19
      19
      13
      15
      22
      19
      19
      20
      22
      16
       8
      22
      10
      15
      14
      13
      13
      17
      17
      23
       8
      18
      17
      18
      15
      20
      11
      12
       7
      12
      12
      15
      22
       9
      11
      22
      13
      13
      13
      14
      19
      14
      17
      15
       9
      13
      12
       7
      11
      11
      13
      12
      14
       6
      10
       9
       5
      10
       9
      14
      11
      16
      15
      12
      11
      22
      14
      13
      12
      10
       9
       7
      18
      14
      11
      15
      15
      10
      12
      15
       7
       6
       7
      15
      10
       5
      16
      14
      11
       5
      11
       8
      13
      17
      11
      20
      13
       7
       4
      13
      13
      11
      15
      10
      21
      14
      25
      21
      26
      23
      31
      21
      33
      42
      33
      24
      18
      18
      23
      20
      16
       9
       9
      14
       9
      16
       9
      11
       9
       7
       6
       5
      10
       7
      11
       2
      11
       7
       8
      10
       4
       8
       8
      13
      13
      12
      15
       8
      25
      16
      16
      16
      14
      15
       7
      10
      14
       9
       7
       4
       6
      10
       5
       8
       5
      10
       4
      10
       7
      14
      16
       8
       5
      10
       4
       5
       5
       5
       6
       5
      11
       4
       6
       7
       4
       6
       5
       9
       8
       6
       4
       7
       9
       7
       6
       3
       5
       5
       8
       7
       7
       3
       3
       5
       3
       3
       8
       6
       7
       8
       5
       5
       8
       4
       6
       7
      11
       8
       4
       5
      10
       5
      10
       7
       8
       7
       8
       5
       9
       7
       4
       7
      11
       3
       7
       4
       4
       9
       9
       5
       9
      11
       9
       3
       6
       7
       1
       1
       4
       4
       7
       4
       3
       6
       4
       8
       5
       5
       4
       5
       5
       5
       0
       8
       3
       5
       4
       3
       6
       4
       2
       2
       3
       4
       4
       7
       8
       4
       5
       5
       5
       3
       2
       3
       3
       3
       5
       3
       5
       3
       5
       6
       5
       7
       1
       9
       2
       9
       6
       5
       5
       5
      10
       6
       1
       5
       6
       9
       4
       4
       5
       3
       2
      12
       2
      10
       6
       3
       5
       2
       7
       7
       3
       5
       4
       1
       4
       3
       9
       2
       5
       4
       4
       3
       7
       5
       4
       5
       6
       6
       4
       4
       4
       4
       1
       1
       2
       2
       6
       8
       4
       8
       1
       1
       5
       5
       3
       2
       2
       7
       5
       4
       4
       4
       1
       6
       4
       0
       3
       7
       6
       4
       5
       2
       4
       5
       2
       4
       5
       0
       3
       3
       5
       3
       3
       7
       5
       3
       2
       5
       2
       2
       6
       2
       2
       2
       1
       2
       1
       5
       2
       6
       1
       3
       1
       3
       4
       7
       1
       2
       6
       0
       2
       3
       1
       1
       6
       2
       4
       3
       6
       0
       1
       5
       1
       3
       4
       3
       3
       3
       3
       2
       3
       4
       3
       5
       0
       2
       6
       3
       3
       3
       6
       4
      10
       3
       7
      10
       7
       7
      10
       9
       8
       8
       6
       3
       8
       7
       7
       6
       6
       7
       4
       3
       3
       7
       1
       2
       6
       2
       4
       5
       4
       6
       3
       4
       4
       1
       3
       5
       5
       2
       2
       6
       1
       2
       4
       3
       2
       4
       2
       2
       3
       3
       1
       3
       4
       0
       4
       6
       5
       1
       4
       4
       2
       1
       3
       1
       1
       4
       2
       4
       1
       3
       4
       0
       1
       3
       2
       3
       4
       3
       2
       9
       2
       4
       4
       3
       3
       3
       2
       5
       8
       5
       3
       5
       2
       2
       3
       2
       2
       4
       1
       3
       1
       3
       3
       2
       6
       2
       4
       6
       3
       3
       3
       4
       3
       3
       6
       1
       3
       1
       5
       3
       0
       2
       3
       5
       3
       1
       1
       4
       2
       0
       3
       2
       3
       3
       1
       1
       1
       0
       0
       4
       3
       2
       2
       3
       2
       5
       0
       3
       1
       3
       3
       3
       4
       4
       1
       0
       2
       3
       2
       2
       0
       0
       2
       1
       2
       2
       4
       0
       0
       3
       0
       4
       2
       0
       2
       3
       3
       2
       2
       0
       3
       1
       2
       3
       3
       3
       2
       3
       4
       4
       4
       2
       1
       3
       1
       3
       2
       3
       2
       3
       3
       2
       2
       2
       5
       3
       2
       1
       2
       0
       1
       0
       2
       1
       0
       1
       0
       1
       1
       1
       2
       2
       2
       3
       3
       2
       0
       2
       5
       4
       2
       2
       3
       7
       1
       1
       4
       2
       2
       2
       2
       0
       3
       3
       1
       3
       3
       3
       0
       3
       4
       1
       0
       1
       1
       3
       2
       1
       1
       2
       4
       4
       2
       0
       4
       2
       3
       1
       0
       2
       2
       1
       1
       2
       0
       2
       2
       3
       1
       4
       1
       1
       0
       4
       1
       3
       2
       4
       1
       0
       1
       2
       0
       2
       3
       0
       1
       2
       0
       0
       2
       2
       1
       1
       0
       2
       1
       3
       2
       2
       0
       1
       0
       0
       0
       0
       3
       0
       2
       3
       1
       3
       3
       3
       2
       0
       0
       2
       3
       2
       2
       2
       4
       2
       4
       3
       1
       2
       1
       0
       4
       2
       0
       2
       0
       0
       1
       0
       1
       0
       0
       3
       1
       1
       1
       1
       2
       0
       2
       1
       0
       0
       1
       1
       2
       1
       2
       2
       0
       3
       1
       0
       1
       0
       1
       1
       1
       1
       0
       0
       0
       1
       1
       0
       1
       1
       1
       0
       0
       1
       1
       2
       0
       2
       1
       1
       0
       2
       3
       2
       1
       0
       0
       1
       0
       1
       1
       2
       0
       2
       1
       1
       1
       2
       0
       2
       2
       1
       1
       2
       1
       4
       2
       0
       2
       1
       2
       1
       4
       4
       0
       4
       2
       2
       4
       2
       3
       3
       4
       4
       3
       1
       3
       7
       2
       5
       3
       4
       1
       1
       1
       4
       3
       2
       3
       0
       5
       6
       0
       0
       0
       1
       1
       1
       0
       1
       1
       0
       0
       0
       1
       0
       0
       2
       0
       2
       0
       0
       0
       0
       0
       0
       0
       0
       0
       2
       1
       0
       0
       1
       0
       1
       1
       1
       0
       3
       1
       0
       2
       0
       1
       0
       3
       1
       1
       0
       2
       1
       0
       2
       0
       1
       0
       0
       0
       1
       1
       1
       1
       1
       0
       0
       1
       0
       0
       0
       0
       0
       3
       0
       0
       0
       1
       0
       0
       0
       1
       0
       1
       1
       1
       0
       0
       0
       0
       1
       4
       1
       1
       1
       0
       2
       0
       1
       2
       0
       1
       0
       0
       0
       0
       1
       0
       0
       0
       1
       3
       2
       2
       0
       1
       1
       0
       0
       1
       0
       0
       1
       0
       0
       1
       0
       0
       1
       1
       0
       1
       0
       1
       0
       0
       0
       1
       0
       0
       1
       0
       1
       1
       2
       0
       0
       0
       1
       0
       2
       0
       1
       1
       0
       0
       1
       0
       0
       1
       0
       1
       0
       0
       1
       0
       0
       0
       1
       1
       1
       1
       1
       0
       0
       0
       0
       1
       0
       0
       0
       1
       0
       2
       0
       0
       0
       0
       0
       0
       0
       1
       0
       0
       0
       0
       1
       0
       1
       1
       1
       1
       0
       0
       0
       0
       1
       0
       0
       0
       0
       0
       2
       0
       1
       1
       2
       1
       0
       0
       1
       1
       1
       0
       1
       1
       3
       2
       0
       0
       0
       1
       1
       0
       0
       0
       2
       2
       1
       0
       0
       1
       0
       1
       0
       0
       0
       1
       0
       0
       0
       0
       0
       1
       0
       0
       1
       0
       0
       1
       0
       0
       1
       2
       1
       0
       2
       0
       1
       0
       1
       0
       1
       0
       0
       0
       2
       1
       1
       1
       2
       3
       0
       3
       5
       2
       2
       1
       2
       1
       0
       1
       1
       0
       1
       0
       1
       0
       0
       1
       0
       1
       0
       0
       0
       0
       0
       0
       0
       0
       0
       0
       0
       2
       0
       0
       0
       3
       0
       0
       0
       0
       1
       0
       0
       0
       1
       0
       0
       0
       1
       0
       1
       2
       0
       0
       1
       1
       0
       0
       0
       0
       0
       1
       0
       0
       0
       0
       1
       0
       0
       0
       0
       0
       1
       0
       1
       0
       0
       0
       0
       0
       0
       0
       0
       0
       1
       0
       0
       1
       0
       0
       2
       1
       0
       1
       0
       1
       1
       1
       1
       1
       0
       1
       0
       1
       1
       0
       0
       0
       0
       1
       1
       1
       0
       0
       1
       0
       1
       0
       0
       0
       1
       2
       0
       1
       1
       0
       1
       0
       0
       0
       0
       1
       0
       0
       1
       1
       0
       0
       0
       1
       0
       0
       0
       2
       0
       0
       0
       0
       0
       0
       1
       1
       0
       0
       0
       0
       0
       0
       1
       0
       1
       1
       0
       0
       1
       0
       0
       0
       1
       0
       0
       0
       1
       0
       0
       1
       0
       1
       1
       0
       0
       1
       0
       0
       0
       0
       0
       0
       0
       0
       1
       0
       0
       0
       0
       0
       0
       0
       1
       0
       0
       1
       0
       0
       0
       0
       0
       0
       0
       0
       0
       0
       0
       0
       0
       0
       0
       0
       0
       0
       0
       0
       0
       0
       0
       0
       0
       0
       0
       0
       0
       0
       0
       0
       0
       0
       0
       0
       0
       0
       0
       0
       0
       1
       0
       0
       0
       0
       0
       0
       0
       0
       0
       0
       0
       0
       0
       0
       0
       0
       0
       0
       0
       0
       1
       1
       0
       1
       1
       2
       0
       1
       1
       1
       1
       1
       1
       0
       2
       2
       1
       2
       1
       1
       1
       0
       0
       0
       1
       0
       0
       0
       0
       0
       0
       0
       0
       0
       0
       0
       0
       0
       0
       0
       0
       0
       0
       0
       0
       0
       0
       0
       0
       0
       0
       0
       0
       0
       0
       0
       0
       0
       0
       0
       0
       0
       0
       0
       0
       0
       0
       1
       0
       0
       0
       0
       0
       0
       0
       0
       0
       0
       0
       0
       0
       0
       0
       0
       0
       0
       0
       0
       0
       0
       1
       0
       0
       0
       0
       0
       0
       0
       1
       0
       0
       0
       0
       0
       0
       0
       0
       0
       0
       0
       0
       0
       0
       0
       0
       0
       0
       0
       0
       0
       0
       0
       0
       0
       0
       0
       0
       0
       0
       0
       0
       0
       0
       0
       0
       0
       0
       0
       0
       0
       0
       0
       0
       0
       0
       0
       0
       0
       0
       0
       0
       0
       0
       0
       0
       0
       0
       0
       0
       0
       0
       0
       0
       0
       0
       0
       0
       0
       0
       0
       0
       0
       0
       0
       0
       0
       0
       0
       0
       0
       0
       0
       0
       0
       0
       0
       0
       0
       0
       0
       0
       0
       0
       0
       0
       0
       0
       0
       0
       0
       0
       0
       0
       0
       0
       0
       0
       0
       0
       0
       0
       0
       0
       0
       0
       0
       0
       0
       0
       0
       0
       0
       0
       0
       0
       0
       0
       0
       0
       0
       0
       0
       0
       0
       0
       0
       0
       0
       0
       0
       0
       0
       0
       0
       0
       0
       0
       0
       0
       0
       0
       0
       0
       0
       0
       0
       0
       1
       0
       0
       0
       0
       0
       3
       0
       6
       7
       5
       4
       4
       1
       4
       3
       3
       7
       2
       4
       4
       2
      12
       4
       6
       5
       2
       2
      11
       8
       0
       4
       5
       4
       3
      10
       4
       2
       5
       7
       6
       3
       3
       2
       6
       2
       1
       7
       6
       7
       5
       2
$ROI:
1
63 105
$PRESETS:
Live Time
360
0
$ENER_FIT:
0.000000 0.000000
$MCA_CAL:
3
0.000000E+000 0.000000E+000 0.000000E+000
$SHAPE_CAL:
3
0.000000E+000 0.000000E+000 0.000000E+000
