$SPEC_ID:
No sample description was entered.
$SPEC_REM:
DET# 3
DETDESC# MCB 25
AP# Maestro Version 6.05
$DATE_MEA:
03/18/2016 10:33:15
$MEAS_TIM:
1200 1239
$DATA:
0 2047
       0
       0
       0
       0
       0
       0
       0
       0
       0
       0
       0
       0
       0
       0
       0
       0
       0
       0
       0
       0
       0
       0
       0
       0
       0
       0
       0
       0
       0
       0
       2
      26
     127
     657
    2764
    4176
    4426
    4684
    4623
    4668
    4579
    4484
    4592
    4402
    4497
    4487
    4588
    4502
    4549
    4565
    4559
    4512
    4508
    4634
    4528
    4465
    4528
    4543
    4596
    4404
    4489
    4432
    4570
    4635
    4518
    4515
    4601
    4626
    4474
    4471
    4553
    4547
    4525
    4432
    4402
    4645
    4463
    4516
    4493
    4575
    4521
    4429
    4467
    4408
    4438
    4508
    4456
    4432
    4490
    4368
    4328
    4502
    4297
    4416
    4340
    4373
    4447
    4324
    4398
    4311
    4473
    4342
    4396
    4279
    4279
    4356
    4295
    4309
    4188
    4335
    4312
    4278
    4305
    4311
    4155
    4236
    4279
    4356
    4179
    4207
    4271
    4272
    4388
    4306
    4192
    4181
    4279
    4256
    4340
    4305
    4340
    4474
    4317
    4463
    4381
    4474
    4415
    4475
    4474
    4629
    4619
    4668
    4702
    4636
    4672
    4783
    4813
    4836
    4731
    4695
    4741
    4767
    4664
    4604
    4809
    4562
    4658
    4606
    4703
    4634
    4700
    4590
    4641
    4524
    4576
    4497
    4482
    4454
    4558
    4444
    4461
    4406
    4440
    4445
    4404
    4388
    4475
    4462
    4369
    4314
    4264
    4413
    4323
    4186
    4248
    4330
    4299
    4250
    4263
    4149
    4261
    4152
    4235
    4403
    4171
    4236
    4105
    4143
    4191
    4178
    4142
    4075
    4115
    4121
    3963
    4026
    4107
    4060
    4000
    4010
    4036
    4036
    4166
    4017
    4021
    3994
    3964
    3923
    3949
    3900
    3886
    4021
    3871
    3831
    3918
    3913
    3883
    3835
    3912
    3827
    3890
    3875
    3684
    3923
    3841
    3853
    3799
    3844
    3771
    3769
    3769
    3796
    3745
    3911
    3840
    3843
    3773
    3853
    3920
    3703
    3797
    3785
    3769
    3764
    3674
    3717
    3764
    3716
    3739
    3853
    3729
    3792
    3780
    3665
    3795
    3713
    3690
    3762
    3711
    3577
    3718
    3738
    3756
    3676
    3605
    3698
    3709
    3595
    3681
    3684
    3651
    3629
    3658
    3643
    3637
    3640
    3654
    3768
    3653
    3722
    3698
    3556
    3625
    3746
    3586
    3682
    3654
    3646
    3693
    3521
    3647
    3635
    3623
    3600
    3650
    3603
    3616
    3538
    3689
    3568
    3686
    3572
    3535
    3593
    3556
    3637
    3586
    3650
    3577
    3573
    3637
    3714
    3624
    3530
    3613
    3521
    3578
    3569
    3578
    3547
    3582
    3597
    3630
    3701
    3486
    3635
    3529
    3627
    3580
    3616
    3519
    3588
    3617
    3693
    3539
    3642
    3590
    3545
    3631
    3537
    3504
    3555
    3546
    3640
    3589
    3640
    3669
    3531
    3606
    3601
    3641
    3576
    3633
    3591
    3601
    3709
    3630
    3481
    3500
    3657
    3545
    3519
    3581
    3494
    3648
    3575
    3569
    3484
    3579
    3569
    3546
    3639
    3552
    3590
    3571
    3629
    3612
    3631
    3642
    3540
    3601
    3721
    3589
    3504
    3732
    3535
    3548
    3647
    3575
    3549
    3628
    3604
    3659
    3608
    3642
    3508
    3560
    3689
    3574
    3601
    3588
    3523
    3687
    3509
    3581
    3568
    3522
    3624
    3578
    3639
    3583
    3751
    3577
    3495
    3620
    3541
    3670
    3729
    3611
    3649
    3633
    3680
    3525
    3631
    3661
    3643
    3688
    3652
    3720
    3654
    3700
    3649
    3718
    3722
    3648
    3734
    3667
    3678
    3696
    3597
    3579
    3616
    3625
    3731
    3686
    3631
    3607
    3697
    3612
    3633
    3661
    3691
    3758
    3827
    3729
    3691
    3757
    3747
    3718
    3775
    3841
    3688
    3722
    3855
    3664
    3762
    3814
    3779
    3787
    3783
    3743
    3725
    3773
    3679
    3724
    3685
    3730
    3755
    3795
    3745
    3827
    3844
    3833
    3780
    3820
    3882
    3904
    3842
    3882
    3831
    3879
    3978
    4024
    3894
    3945
    3928
    3936
    3914
    3935
    4020
    4024
    3901
    3908
    3904
    3996
    3887
    3983
    3882
    4055
    4006
    3926
    3987
    4083
    3957
    4027
    3981
    4061
    4103
    4063
    3999
    4232
    4035
    4103
    4176
    4081
    4161
    4197
    4041
    4079
    4051
    4124
    4275
    4194
    4178
    4198
    4179
    4178
    4318
    4256
    4257
    4246
    4141
    4231
    4238
    4318
    4192
    4246
    4289
    4390
    4317
    4326
    4349
    4301
    4342
    4347
    4349
    4347
    4401
    4423
    4444
    4358
    4469
    4418
    4353
    4582
    4476
    4443
    4432
    4366
    4515
    4417
    4460
    4478
    4608
    4517
    4548
    4504
    4571
    4548
    4489
    4596
    4571
    4665
    4607
    4610
    4627
    4545
    4679
    4544
    4557
    4550
    4576
    4638
    4700
    4642
    4617
    4633
    4740
    4636
    4656
    4603
    4695
    4613
    4609
    4640
    4680
    4561
    4680
    4704
    4744
    4548
    4538
    4671
    4617
    4579
    4565
    4482
    4567
    4476
    4425
    4514
    4631
    4580
    4513
    4395
    4493
    4463
    4460
    4312
    4364
    4328
    4292
    4237
    4297
    4209
    4175
    4032
    4067
    4002
    4001
    4071
    4165
    4008
    3956
    3743
    3965
    3823
    3727
    3733
    3847
    3704
    3720
    3669
    3772
    3710
    3705
    3605
    3785
    3584
    3671
    3752
    3693
    3691
    3676
    3478
    3628
    3727
    3708
    3621
    3594
    3533
    3710
    3663
    3713
    3589
    3588
    3649
    3678
    3705
    3718
    3559
    3597
    3655
    3573
    3578
    3603
    3623
    3531
    3515
    3528
    3577
    3573
    3556
    3598
    3598
    3530
    3636
    3705
    3518
    3589
    3746
    3686
    3762
    3646
    3651
    3802
    3716
    3731
    3757
    3797
    3763
    3713
    3812
    3829
    3819
    3821
    3922
    3827
    3817
    3809
    3961
    3872
    3968
    3863
    3919
    3943
    3910
    3955
    3902
    3913
    3899
    3947
    3952
    3975
    4019
    3927
    4018
    3940
    3901
    3906
    3939
    4016
    3913
    3965
    3957
    3983
    3961
    3906
    3967
    4113
    4079
    4031
    4050
    4186
    4134
    4350
    4273
    4246
    4533
    4533
    4640
    4772
    4950
    5162
    5348
    5649
    5980
    6212
    6213
    6404
    6635
    6707
    6837
    6657
    6456
    6478
    6121
    5757
    5245
    4926
    4371
    4010
    3510
    3206
    2784
    2523
    2344
    2015
    1843
    1730
    1720
    1580
    1556
    1545
    1532
    1545
    1379
    1454
    1439
    1533
    1402
    1472
    1481
    1481
    1512
    1521
    1488
    1503
    1532
    1463
    1528
    1549
    1501
    1545
    1522
    1585
    1533
    1558
    1536
    1556
    1624
    1642
    1644
    1700
    1642
    1584
    1676
    1732
    1699
    1796
    1708
    1776
    1846
    1854
    1869
    1837
    1829
    1881
    1884
    1891
    1889
    1975
    1994
    1867
    1987
    2010
    2106
    2081
    2095
    2137
    2145
    2118
    2126
    2115
    2206
    2251
    2299
    2374
    2394
    2426
    2454
    2450
    2495
    2648
    2704
    2712
    2789
    2953
    3026
    3197
    3305
    3428
    3725
    3931
    3954
    4379
    4512
    4553
    4697
    4659
    4610
    4338
    4257
    3967
    3694
    3304
    3127
    2743
    2397
    2031
    1714
    1505
    1226
    1083
     950
     769
     766
     622
     584
     518
     489
     482
     495
     456
     450
     435
     460
     420
     467
     429
     427
     405
     408
     417
     429
     433
     424
     415
     452
     423
     390
     391
     411
     417
     397
     398
     401
     447
     441
     389
     365
     384
     423
     415
     401
     393
     401
     381
     434
     418
     390
     407
     399
     400
     400
     378
     403
     384
     383
     337
     400
     398
     386
     355
     394
     371
     385
     348
     358
     371
     385
     355
     363
     386
     305
     375
     391
     365
     359
     403
     391
     338
     391
     355
     349
     375
     389
     334
     372
     379
     379
     349
     390
     337
     350
     351
     317
     340
     313
     378
     348
     328
     343
     325
     348
     389
     336
     350
     348
     377
     334
     327
     296
     370
     363
     322
     362
     317
     353
     313
     329
     338
     357
     318
     354
     337
     300
     351
     314
     311
     318
     319
     314
     336
     325
     345
     323
     331
     342
     313
     338
     317
     291
     302
     336
     302
     309
     305
     321
     320
     350
     304
     298
     314
     338
     320
     309
     295
     314
     319
     331
     295
     285
     322
     289
     298
     270
     320
     305
     301
     335
     297
     329
     339
     331
     264
     284
     278
     288
     295
     300
     284
     322
     297
     275
     285
     327
     267
     330
     314
     271
     294
     286
     263
     293
     277
     280
     299
     270
     295
     261
     275
     266
     273
     286
     293
     268
     293
     281
     282
     289
     255
     300
     297
     261
     285
     266
     294
     260
     272
     266
     270
     267
     276
     294
     252
     267
     266
     260
     256
     283
     275
     296
     245
     250
     258
     260
     276
     296
     275
     245
     268
     279
     244
     244
     274
     252
     250
     261
     261
     280
     242
     275
     263
     267
     291
     229
     236
     259
     289
     246
     239
     251
     240
     238
     223
     243
     261
     223
     251
     249
     245
     238
     238
     251
     239
     249
     226
     228
     222
     233
     231
     261
     239
     232
     247
     261
     245
     260
     235
     249
     245
     261
     225
     240
     233
     221
     242
     233
     243
     228
     230
     251
     229
     228
     272
     237
     237
     233
     213
     243
     240
     225
     243
     212
     238
     207
     242
     236
     257
     215
     199
     232
     219
     224
     216
     219
     216
     220
     200
     185
     218
     204
     228
     188
     199
     228
     215
     188
     186
     197
     224
     215
     213
     215
     207
     194
     233
     208
     207
     231
     219
     196
     204
     207
     179
     215
     213
     209
     203
     197
     171
     191
     193
     198
     192
     214
     186
     207
     201
     191
     183
     204
     180
     190
     224
     194
     196
     178
     195
     185
     199
     187
     195
     200
     194
     193
     165
     181
     188
     194
     190
     162
     182
     197
     174
     195
     201
     205
     198
     177
     199
     211
     192
     197
     186
     175
     178
     187
     176
     166
     181
     153
     175
     182
     170
     178
     190
     172
     207
     169
     181
     184
     190
     156
     180
     169
     176
     174
     160
     172
     155
     170
     165
     187
     168
     177
     171
     150
     176
     172
     161
     155
     171
     157
     170
     141
     151
     154
     135
     186
     192
     166
     177
     151
     157
     164
     168
     156
     157
     149
     155
     179
     169
     164
     158
     136
     159
     158
     149
     128
     159
     161
     146
     127
     161
     151
     143
     155
     134
     142
     165
     161
     132
     128
     153
     157
     146
     154
     133
     132
     149
     145
     141
     157
     146
     112
     130
     140
     141
     151
     127
     115
     138
     141
     166
     135
     132
     158
     114
     144
     145
     134
     148
     124
     113
     107
     129
     125
     139
     130
     147
     142
     143
     117
     119
     120
     112
     121
     113
      99
     146
     126
     117
     114
     122
     118
     134
     141
     118
      97
      96
     119
     133
     132
     130
     126
     132
     135
     111
     114
     115
     111
     125
     132
     124
      99
     105
     111
     105
     109
     102
     114
     102
     108
      99
     110
     115
     107
     103
     124
     107
     121
     110
     112
      99
     121
     109
     112
     127
     110
     117
     103
     109
     114
     101
     101
     112
     111
     118
     108
      88
      96
     107
     108
      99
     105
     111
     112
      90
     104
      96
      93
     107
     109
      90
      99
     112
     102
      94
     100
     111
     100
      87
     104
     105
     102
      82
      81
      91
      89
      94
      94
      92
     102
      83
      89
      83
      76
      80
      85
      76
      82
      87
      86
      66
      74
      87
      69
      53
      65
      70
      63
      66
      61
      57
      49
      64
      64
      61
      65
      62
      51
      54
      47
      59
      57
      56
      48
      60
      48
      51
      62
      50
      53
      51
      45
      47
      63
      50
      56
      52
      46
      53
      39
      46
      46
      38
      42
      66
      36
      47
      39
      59
      39
      49
      50
      46
      30
      40
      46
      44
      43
      32
      54
      40
      34
      42
      29
      33
      36
      25
      37
      36
      35
      33
      32
      37
      33
      29
      33
      30
      31
      50
      32
      39
      53
      35
      30
      31
      30
      29
      44
      36
      29
      39
      37
      37
      30
      25
      36
      43
      36
      39
      28
      29
      37
      38
      41
      49
      37
      45
      30
      37
      37
      35
      40
      46
      29
      48
      46
      46
      48
      48
      45
      37
      53
      57
      57
      63
      62
      49
      56
      67
      75
      69
      82
      79
      77
      81
      86
      86
      93
      81
     104
      73
      75
      89
      75
      57
      55
      43
      55
      42
      39
      34
      24
      23
      34
       5
       3
      15
      10
       6
       4
       6
       6
       3
       3
       5
       2
       1
       2
       2
       2
       0
       3
       3
       1
       0
       3
       2
       4
       2
       3
       4
       4
       3
       3
       1
       1
       0
       1
       2
       3
       3
       4
       2
       2
       3
       1
       2
       4
       5
       6
       5
       1
       0
       1
       3
       7
       0
       2
       2
       1
       7
       4
       4
       2
       2
       1
       2
       1
       1
       1
       1
       4
       2
       3
       5
       2
       2
       0
       1
       1
       2
       4
       1
       2
       1
       1
       2
       2
       3
       2
       1
       0
       1
       1
       2
       0
       1
       2
       0
       3
       3
       1
       2
       2
       3
       2
       1
       2
       3
       1
       2
       2
       0
       0
       2
       1
       4
       0
       1
       0
       1
       0
       1
       3
       1
       4
       3
       1
       0
       2
       1
       0
       4
       3
       0
       2
       1
       5
       0
       2
       4
       0
       4
       1
       0
       1
       0
       0
       2
       1
       2
       1
       2
       0
       1
       0
       1
       0
       0
       2
       2
       0
       2
       2
       1
       1
       1
       4
       0
       0
       2
       0
       2
       3
       3
       0
       1
       1
       0
       0
       2
       2
       2
       0
       1
       2
       3
       2
       1
       1
       2
       0
       2
       0
       1
       2
       2
       1
       3
       0
       3
       2
       1
       1
       1
       0
       1
       1
       0
       2
       2
       1
       0
       0
       4
       1
       1
       1
       2
       1
       1
       0
       2
       2
       2
       0
       1
       1
       1
       1
       1
       1
       1
       2
       1
       2
       1
       0
       0
       0
       1
       0
       2
       2
       1
       0
       1
       2
       1
       3
       4
       0
       0
       4
       2
       0
       2
       0
       1
       3
       1
       0
       2
       0
       1
       1
       0
       2
       0
       1
       1
       2
       1
       0
       0
       0
       0
       0
       1
       1
       3
       0
       0
       2
       2
       1
       3
       2
       1
       7
       4
       1
       0
       2
       1
       2
       3
       2
       3
       3
       0
       0
       0
       1
       1
       2
       2
       2
       0
       2
       1
       3
       1
       3
       1
       0
       1
       7
       2
       5
       4
       4
       4
       4
       2
       5
       2
       3
       3
       4
       4
       3
       6
       3
       2
       3
       2
       3
       4
       2
       2
       1
       3
       2
       3
       4
       3
       3
       2
       3
       1
       2
       4
       5
       3
       2
       4
       2
       0
       4
       4
       0
       4
$ROI:
5
135 185
526 666
760 804
824 912
1655 1692
$PRESETS:
Live Time
1200
0
$ENER_FIT:
0.000000 0.000000
$MCA_CAL:
3
0.000000E+000 0.000000E+000 0.000000E+000
$SHAPE_CAL:
3
0.000000E+000 0.000000E+000 0.000000E+000
