$SPEC_ID:
No sample description was entered.
$SPEC_REM:
DET# 3
DETDESC# MCB 25
AP# Maestro Version 6.05
$DATE_MEA:
03/18/2016 09:30:08
$MEAS_TIM:
360 365
$DATA:
0 2047
       0
       0
       0
       0
       0
       0
       0
       0
       0
       0
       0
       0
       0
       0
       0
       0
       0
       0
       0
       0
       0
       0
       0
       0
       0
       0
       0
       0
       0
       0
       0
       0
       1
      57
     364
     587
     599
     650
     611
     595
     657
     621
     660
     630
     648
     640
     651
     632
     662
     689
     604
     639
     686
     658
     661
     730
     627
     671
     650
     672
     675
     688
     662
     694
     653
     653
     661
     699
     683
     610
     615
     642
     674
     674
     644
     688
     669
     655
     675
     685
     635
     628
     646
     649
     626
     599
     640
     619
     622
     598
     661
     656
     652
     627
     666
     623
     634
     633
     640
     593
     596
     649
     587
     614
     598
     627
     657
     590
     600
     607
     573
     578
     549
     559
     545
     540
     566
     610
     528
     591
     566
     560
     560
     531
     583
     558
     510
     530
     533
     530
     554
     531
     517
     530
     572
     534
     606
     542
     574
     547
     561
     552
     576
     591
     595
     629
     625
     557
     592
     580
     578
     573
     547
     553
     569
     554
     579
     559
     569
     553
     545
     528
     520
     547
     559
     538
     560
     553
     506
     492
     528
     527
     497
     497
     532
     561
     517
     561
     489
     496
     507
     509
     508
     537
     537
     496
     526
     577
     512
     503
     525
     554
     520
     520
     525
     517
     501
     478
     506
     479
     515
     468
     508
     487
     515
     513
     482
     508
     482
     482
     505
     492
     473
     468
     471
     461
     479
     455
     430
     478
     443
     438
     462
     466
     493
     449
     457
     462
     500
     458
     443
     461
     472
     450
     478
     473
     432
     434
     480
     444
     463
     468
     419
     429
     401
     433
     435
     470
     394
     412
     413
     448
     427
     416
     403
     422
     397
     435
     380
     393
     407
     394
     392
     419
     391
     372
     399
     432
     406
     408
     358
     390
     413
     365
     433
     425
     395
     437
     398
     383
     385
     407
     367
     416
     389
     368
     371
     394
     390
     388
     405
     385
     409
     416
     420
     408
     373
     374
     402
     370
     401
     422
     383
     378
     407
     376
     405
     363
     397
     403
     401
     368
     417
     410
     373
     363
     406
     381
     378
     404
     392
     404
     412
     389
     357
     416
     365
     372
     363
     376
     383
     385
     347
     354
     415
     407
     385
     369
     389
     400
     386
     401
     408
     382
     397
     389
     389
     367
     390
     355
     408
     365
     395
     381
     391
     387
     393
     388
     375
     378
     396
     386
     377
     378
     372
     414
     366
     405
     351
     363
     404
     383
     389
     384
     400
     388
     340
     370
     399
     365
     342
     364
     334
     410
     403
     400
     390
     356
     406
     365
     380
     378
     382
     394
     397
     378
     403
     407
     430
     407
     389
     433
     416
     386
     392
     425
     409
     392
     404
     423
     391
     403
     390
     381
     383
     401
     377
     366
     397
     420
     407
     406
     396
     343
     430
     402
     439
     403
     390
     394
     383
     389
     412
     410
     444
     417
     405
     406
     389
     381
     431
     414
     357
     421
     419
     435
     417
     400
     405
     414
     432
     407
     415
     418
     416
     392
     406
     425
     434
     393
     434
     405
     400
     411
     433
     395
     399
     435
     383
     405
     389
     415
     420
     395
     426
     406
     436
     443
     473
     414
     425
     430
     450
     445
     424
     375
     449
     430
     456
     421
     435
     444
     426
     436
     429
     434
     396
     391
     411
     450
     437
     448
     425
     427
     437
     417
     450
     431
     431
     421
     416
     451
     435
     460
     463
     431
     460
     476
     468
     416
     464
     479
     468
     496
     436
     461
     446
     474
     457
     483
     479
     501
     482
     459
     468
     509
     450
     535
     491
     492
     528
     482
     500
     501
     475
     449
     471
     524
     484
     512
     516
     510
     506
     565
     514
     516
     480
     497
     558
     522
     524
     532
     529
     518
     511
     529
     510
     527
     563
     481
     558
     525
     540
     487
     516
     573
     504
     524
     563
     561
     573
     593
     545
     599
     530
     610
     612
     621
     556
     582
     584
     583
     593
     581
     652
     587
     585
     616
     620
     604
     629
     628
     649
     638
     638
     616
     620
     631
     612
     660
     681
     655
     677
     716
     702
     682
     714
     677
     665
     671
     691
     649
     665
     698
     667
     726
     695
     715
     716
     752
     700
     699
     777
     769
     765
     727
     728
     741
     718
     710
     748
     759
     619
     685
     658
     612
     627
     580
     589
     586
     540
     581
     534
     568
     536
     543
     538
     543
     528
     525
     534
     498
     485
     502
     501
     520
     537
     493
     557
     513
     532
     505
     490
     495
     479
     491
     507
     501
     510
     526
     502
     527
     476
     498
     499
     465
     486
     516
     517
     470
     519
     465
     538
     473
     433
     451
     438
     474
     494
     469
     463
     457
     469
     468
     436
     470
     478
     437
     449
     462
     481
     458
     473
     436
     493
     435
     455
     457
     492
     457
     464
     451
     509
     486
     493
     481
     488
     474
     455
     519
     487
     533
     477
     487
     503
     469
     502
     464
     505
     488
     487
     484
     470
     503
     446
     461
     449
     468
     420
     386
     394
     346
     379
     349
     334
     352
     351
     370
     327
     330
     318
     331
     335
     338
     341
     341
     301
     344
     380
     387
     472
     485
     603
     692
     834
    1013
    1253
    1557
    1784
    2077
    2260
    2423
    2595
    2682
    2535
    2570
    2268
    2191
    1907
    1657
    1452
    1155
     958
     771
     596
     503
     391
     314
     264
     222
     163
     177
     145
     134
     104
     123
     115
     115
      96
      90
     102
     106
      99
      95
      73
      96
      72
      83
      80
      77
      80
      72
      82
      87
      83
      88
      81
      77
      74
      63
      59
      64
      54
      59
      61
      71
      66
      64
      64
      51
      44
      67
      53
      52
      56
      53
      49
      52
      47
      63
      47
      60
      56
      72
      58
      78
      75
      68
      70
      84
      61
      70
      73
      64
      69
      66
      64
      87
      82
      73
      93
      82
      86
     110
     129
     169
     202
     237
     307
     395
     537
     700
     926
    1089
    1236
    1437
    1678
    1836
    1980
    2044
    2099
    2045
    1977
    1818
    1694
    1522
    1275
    1053
     931
     724
     543
     384
     313
     244
     142
      93
      74
      71
      32
      27
      26
      15
      12
       8
      12
      15
      10
       6
       8
       6
       7
      10
       7
       8
       7
       6
       8
      13
       6
      13
      10
       4
       5
      13
       9
       9
       8
      10
       9
      11
       5
      14
      12
       8
       2
       9
      10
      12
       9
      10
      12
       9
       8
       7
       9
      10
      11
      11
       5
       7
       9
      12
       9
      11
       7
      10
       8
       8
       3
       7
      10
      13
      12
       6
      11
       7
      11
       9
       9
      10
       7
      13
       5
       9
       7
       6
       6
       6
      10
       6
       5
      10
       8
      10
      10
      11
       9
       9
      10
       8
       8
       8
       8
       8
      13
      12
       9
       8
      10
      10
       6
       5
       6
       6
       8
       7
       7
       6
       6
       6
       9
       9
       4
       8
      10
       7
       6
       7
       5
       5
       9
       7
       7
       8
       3
       4
       3
      10
       7
      13
       8
      10
      10
       3
       7
       7
       8
      10
       5
      12
       8
       3
       9
      10
       7
       3
      11
       9
       5
       5
       9
       7
       8
       9
       6
       7
       8
       6
       8
      11
       5
       5
       3
       7
       5
       6
       5
       6
      14
       2
       8
       8
       6
       5
       9
       4
       5
      11
      11
       8
       4
       8
       3
       5
       3
       7
       4
       5
       8
       8
       4
       3
       5
       5
      10
       8
       4
       6
       7
       8
       5
       6
       5
       7
       7
      10
       9
       5
      11
       6
       9
       9
       5
      12
       9
       7
       8
       3
       5
       2
       4
       5
       6
       3
       4
       5
       5
       6
       7
       8
      10
       9
       3
       4
      10
       6
       3
       6
       4
       8
       7
       6
       5
       9
       7
       6
       9
       4
       4
       3
       5
      10
       3
       6
       6
      10
       4
       4
       2
       5
       5
      11
      10
       4
       6
       4
       7
       5
      11
      13
       4
       7
       4
       6
      16
      10
       6
       5
       8
       1
      13
       8
       8
       6
       8
       2
       0
       5
       9
       5
       5
       7
       7
       5
       4
       7
       6
       9
       6
       4
       2
       1
       8
       8
       4
       4
       5
       9
       3
       1
       9
       4
       5
       4
      12
       4
       8
       6
       6
       4
       4
       5
       6
       5
       4
       2
       7
       9
       5
       7
       3
       3
       5
      10
       5
       6
       8
       3
       6
       4
       7
       6
       3
       5
       5
       6
       6
       4
       6
       7
       6
       2
       4
       5
       3
       3
       5
       5
       6
       3
       7
       4
       7
       4
       4
       6
       5
      10
       4
       7
       6
       7
       5
       5
       3
       6
       3
       7
       7
       9
       6
       5
       8
       4
       3
       6
       8
       8
       7
       5
       5
       9
       3
       3
       3
       9
       5
       3
       4
       6
       6
       3
       6
       4
       5
       4
       5
       6
       7
       2
       6
       4
       4
       6
       7
       6
       2
       4
       6
       4
       3
       6
       3
       5
       4
       3
       6
       3
       4
       6
       8
       6
       3
       6
       4
       5
       6
       3
       7
       3
      12
       5
       2
       9
       4
       2
       2
       1
       3
       9
       6
       5
       4
       5
       7
       9
       4
       7
       5
       6
       3
       5
       1
       4
       3
       5
       7
       5
       3
       1
       3
       4
       3
       0
       5
       5
       3
       6
       6
      10
       5
       5
       4
       6
       4
       4
       2
      10
       7
       9
       4
       4
       3
       8
       2
       1
       8
       5
       4
       5
       4
       4
       5
       0
       8
       2
       5
       3
       0
       7
       7
       1
       5
       3
       4
       4
       6
       2
       2
       6
       3
       6
       2
       3
       8
       4
       7
       8
       3
       2
       2
       0
       4
       3
       5
       6
       4
       3
       3
       1
       5
       2
       6
       2
       1
       2
       4
       4
       3
       4
       7
       3
       3
       4
       5
       5
       7
       4
       3
       5
       7
       6
       3
       3
       8
       9
       6
       6
       4
       5
       8
       3
       3
       3
       0
       7
       3
       5
       5
       5
       3
       4
       4
       5
       5
       6
       3
       7
       4
       7
       5
       7
       3
       4
       5
       4
       8
       6
       7
       4
       5
       2
       5
       4
       7
       8
       5
       4
       5
       8
       2
       7
       5
       6
       2
       3
       2
       3
       4
       4
       4
       0
       0
       3
       1
       4
       4
       3
       3
       3
       1
       4
       3
       3
       0
       2
       6
       2
       2
       6
       2
       2
       0
       4
       1
       4
       2
       2
       3
       0
       4
       4
       2
       1
       3
       3
       2
       3
       2
       2
       5
       3
       4
       4
       0
       3
       2
       2
       3
       1
       1
       2
       0
       2
       1
       0
       0
       1
       2
       0
       1
       2
       3
       0
       2
       0
       0
       2
       0
       1
       3
       1
       1
       0
       1
       3
       1
       0
       1
       0
       3
       0
       1
       0
       0
       2
       2
       2
       2
       2
       0
       1
       0
       0
       0
       0
       1
       1
       1
       2
       0
       2
       0
       1
       0
       2
       1
       1
       3
       1
       1
       4
       2
       1
       1
       2
       0
       2
       0
       0
       0
       0
       2
       0
       0
       0
       1
       1
       2
       1
       4
       6
       7
       2
       4
       9
       4
       4
       3
      10
       2
       8
       9
      11
       6
      11
       9
       7
       2
       7
       8
       1
       2
       1
       3
       1
       2
       0
       2
       0
       0
       0
       1
       0
       0
       0
       0
       0
       0
       0
       0
       0
       0
       0
       1
       0
       0
       0
       0
       0
       0
       0
       0
       1
       0
       0
       0
       0
       0
       0
       0
       0
       1
       0
       0
       1
       0
       1
       0
       0
       0
       0
       0
       0
       1
       2
       1
       0
       0
       2
       0
       2
       1
       0
       1
       1
       1
       0
       0
       1
       0
       1
       0
       1
       3
       1
       1
       1
       1
       1
       0
       1
       0
       1
       0
       0
       0
       0
       0
       0
       1
       0
       0
       0
       0
       0
       0
       1
       1
       0
       0
       0
       0
       0
       0
       0
       0
       0
       0
       0
       0
       1
       0
       0
       0
       1
       0
       0
       0
       0
       0
       0
       0
       1
       0
       0
       0
       0
       0
       0
       0
       0
       0
       0
       0
       0
       0
       0
       0
       0
       0
       0
       0
       0
       0
       0
       0
       0
       0
       0
       0
       0
       0
       0
       0
       0
       0
       0
       0
       0
       0
       0
       0
       1
       0
       0
       0
       0
       0
       0
       0
       0
       0
       0
       0
       0
       1
       0
       0
       0
       0
       0
       0
       0
       0
       0
       0
       0
       0
       0
       0
       0
       0
       0
       0
       0
       0
       0
       0
       0
       0
       0
       0
       0
       0
       0
       0
       0
       0
       0
       0
       0
       0
       0
       0
       0
       0
       0
       0
       0
       0
       0
       0
       0
       0
       0
       0
       0
       0
       0
       0
       0
       0
       0
       0
       0
       0
       0
       1
       0
       0
       0
       0
       0
       0
       0
       0
       0
       0
       0
       0
       0
       0
       0
       0
       0
       0
       1
       0
       0
       0
       0
       0
       0
       0
       0
       1
       0
       0
       0
       0
       0
       0
       0
       0
       0
       0
       0
       0
       0
       0
       0
       0
       0
       0
       0
       0
       1
       0
       0
       0
       0
       0
       0
       0
       0
       0
       0
       0
       0
       0
       0
       0
       0
       0
       0
       0
       1
       0
       0
       0
       0
       0
       0
       0
       0
       1
       0
       0
       0
       0
       0
       4
       5
       5
       7
       5
       7
       2
       7
       9
       4
       4
       8
       7
       5
       7
       4
       1
       7
       3
       5
       4
       3
       5
       3
       4
       3
       4
       7
       4
       3
       7
       4
       1
       4
       6
       4
       3
       0
       6
       2
       6
       9
       4
       3
       5
       3
$ROI:
3
27 43
760 806
849 916
$PRESETS:
Live Time
360
0
$ENER_FIT:
0.000000 0.000000
$MCA_CAL:
3
0.000000E+000 0.000000E+000 0.000000E+000
$SHAPE_CAL:
3
0.000000E+000 0.000000E+000 0.000000E+000
