$SPEC_ID:
No sample description was entered.
$SPEC_REM:
DET# 3
DETDESC# MCB 25
AP# Maestro Version 6.05
$DATE_MEA:
03/18/2016 10:00:43
$MEAS_TIM:
64 65
$DATA:
0 2047
       0
       0
       0
       0
       0
       0
       0
       0
       0
       0
       0
       0
       0
       0
       0
       0
       0
       0
       0
       0
       0
       0
       0
       0
       0
       0
       0
       0
       0
       0
       0
       0
       0
      11
      90
     125
     130
     137
     145
     156
     155
     146
     154
     149
     170
     145
     154
     159
     158
     141
     177
     130
     141
     134
     151
     180
     168
     173
     148
     141
     163
     153
     146
     164
     162
     151
     164
     149
     144
     155
     140
     166
     155
     160
     177
     148
     138
     160
     153
     148
     163
     129
     141
     164
     153
     173
     151
     114
     154
     168
     154
     121
     139
     136
     136
     174
     126
     155
     145
     135
     145
     150
     116
     130
     121
     142
     125
     126
     143
     133
     133
     127
     138
     141
     132
     159
     148
     140
     160
     152
     164
     141
     166
     131
     153
     153
     172
     177
     162
     160
     162
     144
     146
     146
     136
     147
     135
     151
     136
     123
     148
     161
     150
     138
     125
     153
     134
     135
     134
     126
     139
     139
     139
     118
     168
     139
     111
     122
     158
     147
     130
     130
     153
     144
     149
     126
     127
     144
     129
     115
     142
     130
     117
     107
     127
     132
     142
     129
     120
     129
     113
     124
     120
     125
     135
     134
     115
     116
     138
     103
     132
     136
     107
     115
     100
     134
     112
     130
     127
     107
     137
     123
     117
     138
     103
     129
     114
     143
     114
     125
     120
     130
     124
      97
     113
     126
     125
     147
     126
     113
     108
     110
     117
     132
     145
     123
     117
     139
     121
     140
     143
     133
     122
     132
     152
     113
     113
     118
     116
     123
     117
     136
     122
     130
     130
     131
     128
     125
     121
     125
     130
     131
     125
     103
     129
     144
     133
     122
     149
     140
     133
     127
     130
     110
     144
     134
     134
     142
     120
     160
     143
     162
     157
     136
     140
     117
     151
     163
     145
     155
     138
     160
     168
     133
     134
     163
     152
     173
     162
     193
     164
     176
     169
     171
     174
     159
     173
     178
     211
     168
     184
     181
     179
     184
     183
     192
     179
     191
     197
     197
     205
     174
     196
     196
     164
     181
     200
     183
     166
     138
     148
     137
     133
     114
     124
     111
     103
      99
      88
     105
      79
      97
      80
      89
      67
      86
      89
      79
      68
      86
      71
      77
      69
      62
      69
      67
      58
      57
      68
      61
      53
      62
      53
      58
      53
      50
      50
      42
      64
      40
      42
      28
      32
      38
      30
      32
      37
      33
      36
      32
      24
      40
      29
      32
      27
      29
      19
      30
      22
      23
      13
      17
      30
      23
      21
      26
      30
      15
      17
      29
      23
      19
      27
      14
      29
      27
      29
      23
      24
      18
      23
      24
      22
      25
      27
      28
      32
      28
      37
      25
      30
      39
      36
      21
      26
      40
      32
      34
      37
      30
      35
      31
      39
      46
      38
      50
      54
      66
      60
      73
     104
     148
     192
     298
     390
     511
     638
     811
     977
    1054
    1178
    1140
    1125
    1124
     989
     884
     691
     579
     426
     348
     265
     182
     108
      89
      54
      31
      17
      10
      11
       6
       2
       2
       4
       2
       2
       3
       2
       2
       1
       1
       0
       1
       4
       3
       2
       0
       1
       0
       0
       0
       1
       2
       1
       1
       2
       0
       3
       3
       2
       1
       1
       2
       1
       1
       2
       3
       3
       1
       0
       1
       1
       2
       0
       2
       1
       0
       0
       1
       1
       3
       1
       1
       0
       2
       2
       1
       0
       0
       4
       2
       0
       2
       1
       3
       1
       0
       3
       0
       2
       0
       2
       0
       3
       1
       3
       1
       0
       1
       4
       1
       3
       0
       0
       0
       0
       2
       0
       0
       0
       2
       0
       0
       2
       2
       1
       0
       2
       0
       1
       0
       1
       1
       2
       1
       1
       3
       2
       0
       0
       1
       1
       4
       0
       1
       2
       0
       1
       0
       1
       1
       2
       1
       0
       1
       0
       2
       1
       1
       0
       1
       1
       2
       1
       2
       1
       2
       0
       0
       1
       1
       1
       1
       1
       0
       1
       1
       1
       4
       1
       1
       2
       3
       2
       0
       0
       2
       0
       1
       2
       0
       2
       1
       1
       0
       0
       1
       1
       3
       0
       1
       1
       3
       1
       1
       1
       0
       2
       2
       2
       1
       0
       1
       1
       0
       1
       1
       1
       2
       0
       2
       0
       0
       2
       0
       1
       1
       0
       1
       0
       1
       1
       1
       1
       1
       0
       2
       2
       0
       2
       0
       0
       1
       1
       1
       0
       2
       0
       0
       0
       0
       1
       3
       0
       0
       2
       2
       0
       0
       1
       0
       2
       1
       1
       1
       1
       0
       1
       4
       1
       0
       0
       0
       0
       0
       0
       0
       3
       0
       1
       0
       0
       2
       0
       2
       1
       0
       0
       3
       1
       2
       0
       1
       0
       2
       0
       1
       1
       0
       3
       0
       0
       0
       0
       0
       0
       0
       0
       2
       0
       0
       0
       1
       1
       2
       1
       1
       1
       1
       2
       1
       3
       0
       2
       0
       2
       1
       2
       1
       2
       1
       1
       1
       0
       1
       0
       0
       0
       0
       0
       1
       0
       2
       1
       3
       0
       2
       2
       0
       1
       1
       1
       2
       0
       0
       1
       0
       2
       1
       1
       0
       0
       0
       1
       0
       0
       0
       1
       1
       0
       0
       2
       3
       1
       0
       1
       0
       0
       1
       2
       2
       0
       0
       0
       3
       0
       0
       2
       1
       0
       0
       0
       1
       1
       0
       0
       0
       0
       0
       0
       1
       0
       1
       1
       1
       0
       1
       0
       0
       3
       0
       0
       0
       0
       1
       0
       0
       1
       0
       2
       1
       0
       0
       0
       1
       1
       0
       0
       1
       1
       0
       0
       1
       0
       0
       1
       0
       0
       1
       1
       0
       1
       1
       0
       0
       0
       0
       0
       0
       1
       0
       0
       2
       1
       0
       1
       0
       0
       0
       0
       0
       0
       1
       0
       3
       1
       0
       1
       0
       2
       0
       0
       0
       2
       1
       0
       1
       0
       1
       0
       0
       0
       0
       0
       0
       0
       0
       2
       0
       1
       3
       0
       1
       0
       0
       0
       0
       0
       1
       1
       0
       0
       1
       0
       0
       0
       0
       0
       0
       1
       1
       0
       1
       1
       0
       1
       3
       1
       0
       0
       1
       1
       0
       0
       1
       0
       0
       0
       0
       1
       1
       0
       2
       0
       0
       1
       0
       0
       1
       0
       0
       0
       1
       1
       0
       0
       0
       1
       1
       1
       0
       1
       1
       0
       0
       1
       0
       1
       1
       0
       0
       0
       1
       0
       0
       0
       0
       1
       0
       1
       1
       0
       0
       0
       0
       0
       1
       0
       1
       0
       1
       1
       0
       0
       0
       1
       0
       0
       1
       0
       0
       1
       0
       0
       0
       0
       2
       0
       0
       0
       0
       0
       0
       0
       0
       1
       0
       1
       0
       0
       0
       0
       0
       0
       0
       0
       0
       0
       0
       1
       0
       0
       0
       0
       0
       1
       0
       0
       1
       0
       0
       0
       1
       0
       0
       1
       0
       0
       0
       0
       1
       1
       1
       0
       0
       0
       0
       0
       0
       0
       0
       0
       0
       0
       0
       0
       0
       0
       0
       0
       1
       0
       1
       0
       0
       0
       0
       0
       0
       0
       0
       0
       1
       0
       0
       0
       1
       0
       1
       0
       0
       0
       0
       0
       0
       0
       0
       0
       0
       0
       0
       0
       0
       0
       0
       0
       0
       1
       1
       0
       0
       0
       0
       0
       0
       1
       0
       0
       1
       0
       0
       0
       0
       0
       0
       0
       0
       0
       0
       0
       0
       0
       0
       0
       1
       0
       1
       0
       1
       0
       0
       1
       0
       0
       0
       0
       0
       0
       0
       0
       0
       0
       2
       2
       0
       0
       2
       1
       1
       2
       4
       0
       0
       0
       1
       0
       1
       0
       0
       0
       0
       0
       0
       0
       0
       0
       0
       0
       0
       0
       0
       0
       0
       0
       0
       0
       0
       1
       0
       0
       0
       0
       0
       0
       1
       1
       1
       0
       0
       0
       0
       0
       1
       0
       2
       1
       0
       0
       0
       1
       0
       1
       0
       0
       0
       0
       2
       0
       0
       0
       0
       0
       0
       0
       0
       1
       0
       0
       0
       1
       2
       0
       0
       2
       0
       0
       0
       0
       0
       0
       0
       1
       0
       0
       0
       0
       0
       0
       0
       0
       0
       0
       0
       0
       0
       0
       0
       0
       1
       0
       1
       0
       0
       0
       1
       1
       0
       0
       0
       0
       0
       0
       0
       0
       0
       0
       0
       0
       0
       1
       0
       0
       0
       0
       0
       0
       0
       0
       0
       0
       0
       0
       0
       0
       0
       0
       0
       0
       1
       0
       0
       0
       0
       0
       0
       0
       0
       1
       0
       0
       0
       0
       1
       1
       0
       0
       0
       0
       0
       0
       0
       1
       0
       0
       0
       0
       1
       0
       0
       0
       0
       0
       0
       0
       0
       0
       0
       0
       0
       0
       0
       0
       0
       0
       0
       2
       0
       0
       0
       0
       0
       0
       0
       0
       0
       0
       0
       0
       0
       0
       0
       0
       0
       0
       1
       0
       0
       0
       0
       0
       0
       0
       1
       0
       0
       0
       0
       0
       0
       1
       0
       0
       0
       0
       0
       0
       0
       0
       0
       0
       0
       0
       0
       0
       1
       0
       0
       0
       0
       0
       0
       0
       0
       1
       0
       0
       1
       0
       0
       0
       0
       0
       0
       0
       0
       0
       0
       0
       0
       0
       0
       0
       0
       0
       0
       0
       0
       0
       0
       0
       0
       0
       1
       0
       0
       0
       0
       0
       0
       0
       0
       0
       0
       0
       0
       1
       0
       0
       0
       0
       0
       0
       0
       1
       0
       1
       0
       0
       0
       0
       0
       0
       0
       1
       0
       0
       0
       1
       1
       1
       0
       0
       0
       0
       0
       0
       0
       0
       0
       0
       0
       0
       1
       0
       1
       0
       0
       0
       0
       0
       0
       0
       0
       0
       0
       1
       1
       0
       0
       0
       0
       0
       0
       0
       0
       0
       0
       0
       0
       0
       0
       0
       0
       0
       0
       0
       0
       0
       0
       0
       0
       0
       0
       0
       0
       0
       0
       1
       0
       0
       0
       0
       0
       0
       0
       0
       0
       0
       0
       0
       0
       0
       0
       0
       0
       0
       0
       0
       1
       0
       0
       0
       0
       1
       0
       0
       0
       0
       1
       0
       0
       0
       0
       0
       0
       0
       0
       0
       1
       0
       0
       0
       2
       1
       1
       0
       0
       0
       0
       0
       0
       0
       0
       0
       0
       0
       0
       0
       0
       0
       0
       0
       0
       0
       0
       0
       0
       0
       0
       0
       0
       0
       0
       0
       0
       0
       0
       0
       2
       0
       1
       0
       0
       1
       0
       0
       0
       1
       0
       0
       0
       0
       1
       0
       0
       0
       0
       0
       0
       0
       0
       0
       0
       0
       0
       0
       0
       0
       0
       0
       0
       0
       0
       0
       1
       0
       0
       0
       0
       0
       0
       0
       0
       0
       0
       0
       0
       0
       0
       0
       0
       0
       0
       0
       0
       0
       0
       1
       0
       0
       0
       0
       0
       0
       0
       0
       0
       0
       0
       0
       0
       0
       0
       0
       0
       0
       0
       0
       0
       0
       0
       0
       0
       0
       0
       0
       0
       0
       0
       0
       0
       0
       0
       0
       0
       0
       0
       0
       0
       0
       0
       0
       0
       0
       0
       0
       0
       0
       0
       0
       0
       0
       0
       0
       0
       0
       1
       0
       0
       0
       1
       0
       0
       0
       0
       1
       0
       0
       0
       0
       0
       0
       0
       0
       0
       0
       0
       0
       0
       0
       0
       0
       0
       0
       0
       0
       0
       0
       0
       0
       0
       0
       0
       0
       0
       0
       0
       0
       0
       0
       0
       0
       0
       0
       0
       0
       0
       0
       0
       0
       0
       0
       0
       0
       0
       0
       0
       0
       0
       0
       0
       0
       0
       0
       0
       0
       0
       0
       0
       0
       0
       0
       0
       0
       0
       0
       0
       0
       0
       0
       0
       0
       0
       0
       0
       0
       0
       0
       0
       0
       0
       0
       0
       0
       0
       0
       0
       0
       0
       0
       0
       0
       0
       0
       0
       0
       0
       0
       0
       0
       0
       0
       0
       0
       0
       0
       0
       0
       0
       0
       0
       0
       0
       0
       0
       0
       0
       0
       0
       0
       0
       0
       0
       0
       0
       0
       0
       0
       0
       0
       0
       0
       0
       0
       0
       0
       0
       0
       0
       0
       0
       0
       0
       0
       0
       0
       0
       0
       0
       0
       0
       0
       0
       0
       0
       0
       0
       0
       0
       0
       0
       0
       0
       0
       0
       0
       0
       0
       0
       0
       0
       0
       0
       0
       0
       0
       0
       0
       0
       0
       0
       0
       0
       0
       0
       0
       0
       0
       0
       0
       1
       0
       0
       0
       0
       0
       0
       0
       0
       0
       0
       0
       0
       0
       1
       0
       0
       0
       0
       0
       0
       0
       0
       0
       0
       0
       0
       0
       0
       0
       0
       0
       0
       0
       0
       0
       0
       0
       0
       0
       0
       0
       0
       0
       0
       0
       0
       0
       0
       0
       0
       0
       0
       2
       0
       0
       0
       0
       2
       0
       0
       0
       2
       2
       1
       1
       1
       2
       0
       1
       0
       2
       0
       4
       1
       0
       0
       3
       1
       0
       1
       0
       3
       0
       1
       0
       1
       1
       1
       0
       0
       1
       0
       0
       0
       0
       0
       0
       1
$ROI:
1
415 460
$PRESETS:
Live Time
360
0
$ENER_FIT:
0.000000 0.000000
$MCA_CAL:
3
0.000000E+000 0.000000E+000 0.000000E+000
$SHAPE_CAL:
3
0.000000E+000 0.000000E+000 0.000000E+000
