$SPEC_ID:
No sample description was entered.
$SPEC_REM:
DET# 3
DETDESC# MCB 25
AP# Maestro Version 6.05
$DATE_MEA:
03/18/2016 10:12:38
$MEAS_TIM:
61 61
$DATA:
0 2047
       0
       0
       0
       0
       0
       0
       0
       0
       0
       0
       0
       0
       0
       0
       0
       0
       0
       0
       0
       0
       0
       0
       0
       0
       0
       0
       0
       0
       0
       0
       0
       0
       0
       2
      30
      44
      35
      39
      46
      50
      37
      43
      32
      49
      37
      43
      45
      36
      61
      43
      51
      54
      51
      65
      52
      44
      43
      49
      50
      61
      52
      54
      43
      51
      51
      53
      56
      46
      61
      59
      65
      61
      59
      51
      64
      56
      41
      50
      44
      49
      64
      51
      54
      46
      51
      47
      43
      50
      41
      45
      43
      52
      45
      49
      42
      45
      49
      52
      41
      56
      44
      51
      42
      48
      39
      30
      45
      28
      36
      42
      38
      49
      37
      30
      41
      45
      36
      50
      43
      53
      41
      29
      37
      43
      42
      48
      45
      30
      42
      38
      34
      38
      34
      38
      41
      29
      38
      37
      37
      39
      36
      22
      36
      38
      38
      27
      32
      39
      29
      40
      34
      34
      28
      36
      39
      48
      26
      33
      31
      25
      39
      28
      36
      29
      34
      28
      27
      33
      27
      28
      38
      28
      33
      41
      33
      32
      24
      21
      29
      28
      23
      30
      32
      26
      28
      31
      35
      28
      23
      31
      33
      29
      27
      29
      27
      25
      24
      25
      24
      21
      25
      24
      30
      38
      22
      20
      18
      15
      15
      32
      22
      20
      21
      37
      17
      14
      25
      19
      22
      25
      21
      22
      22
      17
      25
      19
      27
      35
      16
      29
      28
      31
      29
      21
      37
      20
      25
      27
      31
      25
      23
      24
      21
      20
      30
      33
      19
      20
      18
      16
      19
      20
      23
      15
      21
      16
      19
      14
      22
      20
      27
      13
      27
      10
      23
      14
      28
      26
      19
      15
      15
      22
      20
      23
      17
      22
      26
      20
      20
      31
      17
      18
      24
      23
      24
      16
      18
      19
      25
      24
      20
      21
      23
      24
      16
      18
      22
      22
      25
      23
      16
      18
      24
      18
      24
      21
      25
      27
      22
      23
      19
      25
      22
      21
      25
      22
      14
      20
      16
      20
      22
      14
      18
      17
      17
      24
      27
      15
      20
      23
      16
      18
      34
      22
      22
      19
      19
      29
      30
      19
      27
      20
      19
      29
      19
      23
      22
      24
      23
      26
      20
      21
      29
      23
      28
      22
      19
      18
      20
      21
      22
      27
      23
      26
      33
      29
      23
      32
      25
      26
      17
      26
      24
      30
      23
      32
      16
      27
      28
      25
      24
      40
      31
      29
      20
      27
      25
      31
      36
      25
      30
      25
      29
      27
      25
      34
      33
      27
      30
      28
      31
      28
      32
      35
      45
      32
      35
      31
      43
      34
      31
      38
      35
      28
      32
      42
      30
      34
      38
      26
      39
      36
      24
      30
      30
      36
      27
      23
      29
      31
      31
      19
      19
      18
      15
      14
      30
      16
      29
      20
      21
      26
      18
      20
      15
      11
      22
      17
      23
      17
       6
      18
      13
      21
      14
      14
      12
       8
      15
      10
      13
      13
      15
      11
      14
       6
      12
      10
       7
      10
      11
       9
       8
       5
       6
       9
      11
       9
      13
      11
       5
       3
      11
      14
       5
       9
       1
       5
       6
       6
       4
       4
       2
       6
       2
       8
       3
       3
       5
       7
       5
       3
       5
       5
       9
       5
       3
       5
       5
       3
       8
       5
       4
       4
      12
       5
       8
       7
      10
      11
      12
       4
       3
       5
       7
       5
       4
       8
       6
      10
       4
       8
       8
       3
       6
      11
       5
       9
      10
       8
      10
       8
      11
      11
      12
      18
      24
      31
      36
      56
      70
      93
     132
     153
     168
     179
     207
     176
     187
     178
     150
     125
     136
      95
      79
      53
      48
      42
      27
      12
      16
       9
       7
       3
       3
       3
       1
       0
       1
       0
       0
       0
       1
       0
       1
       1
       1
       2
       1
       0
       0
       5
       1
       0
       1
       2
       2
       0
       1
       3
       0
       0
       1
       1
       1
       3
       0
       3
       2
       1
       2
       1
       1
       0
       2
       0
       1
       0
       0
       1
       4
       0
       0
       2
       0
       1
       0
       1
       0
       0
       2
       2
       0
       0
       1
       0
       1
       0
       1
       2
       0
       1
       0
       1
       1
       1
       1
       3
       0
       2
       1
       0
       1
       1
       0
       2
       0
       0
       2
       3
       2
       2
       1
       0
       1
       1
       0
       0
       0
       0
       1
       1
       0
       0
       0
       1
       1
       1
       1
       1
       0
       1
       0
       0
       1
       0
       0
       0
       1
       1
       1
       0
       1
       0
       0
       0
       0
       0
       0
       1
       0
       2
       1
       0
       1
       0
       1
       0
       0
       1
       0
       0
       0
       0
       0
       1
       0
       0
       1
       0
       0
       2
       1
       0
       0
       0
       0
       0
       3
       2
       0
       1
       0
       0
       1
       0
       1
       0
       1
       0
       2
       1
       0
       3
       0
       0
       2
       1
       1
       0
       0
       1
       1
       2
       0
       1
       1
       0
       2
       2
       0
       1
       1
       0
       1
       0
       0
       0
       1
       3
       1
       0
       0
       1
       1
       0
       0
       0
       0
       1
       0
       0
       0
       0
       0
       1
       2
       2
       1
       0
       0
       0
       0
       0
       0
       0
       2
       0
       1
       0
       0
       1
       1
       1
       0
       0
       0
       0
       0
       0
       0
       0
       0
       0
       1
       0
       1
       0
       0
       1
       1
       2
       2
       1
       2
       1
       0
       0
       0
       0
       0
       0
       0
       1
       0
       2
       0
       0
       0
       0
       0
       0
       1
       0
       1
       0
       0
       0
       0
       1
       1
       0
       1
       1
       0
       2
       1
       1
       1
       0
       1
       0
       0
       0
       0
       0
       1
       0
       0
       0
       0
       0
       0
       0
       0
       1
       1
       1
       0
       1
       0
       0
       0
       1
       0
       0
       0
       1
       1
       0
       0
       0
       1
       0
       0
       1
       0
       1
       0
       1
       1
       1
       0
       0
       0
       0
       0
       0
       0
       0
       1
       0
       1
       0
       0
       1
       0
       0
       0
       3
       2
       1
       0
       0
       0
       1
       0
       0
       0
       0
       0
       1
       0
       1
       0
       3
       1
       0
       0
       1
       0
       1
       1
       1
       0
       0
       1
       0
       0
       0
       2
       0
       0
       0
       0
       0
       0
       0
       1
       0
       0
       0
       1
       0
       0
       0
       0
       0
       1
       0
       2
       1
       1
       0
       0
       0
       0
       0
       1
       0
       1
       0
       0
       0
       1
       1
       2
       0
       1
       0
       0
       0
       1
       1
       1
       0
       0
       1
       1
       1
       1
       0
       0
       0
       0
       0
       0
       1
       0
       0
       0
       1
       1
       0
       0
       0
       0
       0
       0
       0
       1
       1
       0
       0
       0
       0
       0
       0
       0
       0
       1
       0
       3
       0
       1
       1
       1
       0
       0
       1
       1
       0
       0
       0
       0
       0
       1
       0
       0
       0
       1
       0
       1
       0
       0
       0
       0
       0
       0
       1
       0
       0
       0
       1
       0
       0
       0
       0
       0
       1
       0
       0
       0
       0
       0
       0
       0
       0
       0
       0
       0
       1
       0
       0
       0
       0
       0
       0
       0
       0
       0
       0
       0
       0
       0
       0
       0
       0
       0
       0
       0
       0
       0
       0
       0
       0
       0
       0
       1
       1
       0
       0
       0
       0
       1
       0
       0
       0
       0
       0
       0
       0
       0
       0
       0
       0
       0
       0
       0
       2
       0
       0
       1
       0
       0
       0
       0
       0
       0
       0
       0
       0
       0
       1
       1
       1
       0
       0
       0
       0
       0
       0
       0
       1
       0
       1
       0
       0
       1
       0
       0
       0
       0
       0
       0
       0
       0
       1
       1
       1
       0
       1
       0
       0
       1
       0
       1
       1
       1
       2
       0
       2
       1
       1
       1
       0
       0
       0
       0
       1
       0
       0
       0
       0
       1
       0
       0
       0
       0
       0
       0
       0
       2
       0
       0
       0
       0
       0
       0
       0
       0
       0
       0
       0
       0
       0
       1
       0
       0
       0
       0
       0
       0
       0
       0
       0
       1
       1
       0
       0
       0
       0
       0
       0
       0
       0
       1
       0
       0
       0
       1
       0
       1
       1
       0
       1
       0
       0
       0
       0
       0
       0
       0
       0
       0
       1
       0
       0
       0
       0
       0
       0
       0
       0
       1
       0
       0
       0
       0
       0
       0
       0
       0
       0
       0
       0
       0
       0
       0
       0
       0
       0
       1
       0
       0
       0
       0
       0
       0
       0
       0
       0
       0
       0
       0
       1
       0
       1
       0
       0
       0
       0
       0
       0
       0
       0
       0
       2
       0
       0
       0
       0
       0
       0
       1
       0
       0
       1
       1
       0
       0
       0
       0
       0
       0
       0
       0
       0
       1
       0
       0
       0
       0
       0
       0
       0
       0
       0
       0
       0
       0
       0
       0
       0
       0
       1
       0
       0
       0
       0
       0
       1
       0
       0
       0
       0
       0
       0
       0
       0
       0
       1
       0
       1
       0
       0
       0
       0
       0
       1
       0
       0
       0
       0
       0
       0
       0
       0
       0
       0
       0
       0
       0
       0
       0
       0
       0
       0
       0
       0
       1
       0
       0
       0
       0
       0
       0
       0
       0
       0
       0
       0
       0
       1
       0
       1
       0
       0
       0
       0
       0
       0
       0
       0
       0
       0
       0
       0
       0
       0
       0
       0
       0
       0
       0
       0
       0
       0
       0
       1
       0
       0
       0
       0
       0
       0
       0
       0
       0
       0
       0
       0
       1
       0
       0
       0
       0
       0
       0
       0
       0
       0
       0
       0
       0
       0
       0
       1
       0
       0
       0
       0
       0
       0
       0
       2
       0
       0
       0
       1
       1
       0
       0
       0
       1
       0
       1
       0
       0
       0
       0
       0
       0
       0
       0
       0
       0
       0
       0
       0
       1
       1
       1
       1
       0
       0
       0
       0
       0
       0
       0
       0
       0
       0
       0
       0
       0
       0
       1
       1
       0
       0
       0
       0
       0
       0
       0
       0
       1
       0
       0
       0
       0
       0
       0
       0
       0
       0
       0
       0
       0
       0
       0
       0
       0
       0
       0
       0
       0
       0
       0
       0
       0
       0
       0
       1
       1
       0
       0
       0
       0
       0
       0
       0
       0
       0
       0
       0
       0
       0
       0
       0
       0
       0
       0
       0
       0
       0
       0
       1
       0
       0
       1
       1
       0
       0
       0
       0
       0
       0
       0
       0
       0
       0
       0
       0
       0
       0
       0
       0
       0
       0
       0
       0
       0
       0
       0
       1
       0
       0
       0
       0
       0
       0
       0
       0
       0
       0
       1
       0
       0
       0
       0
       0
       0
       0
       0
       0
       0
       0
       0
       0
       0
       0
       0
       0
       0
       0
       1
       0
       0
       0
       0
       0
       0
       0
       0
       0
       0
       1
       0
       0
       0
       0
       1
       0
       0
       0
       0
       1
       0
       0
       0
       0
       0
       0
       0
       0
       0
       0
       0
       0
       0
       0
       0
       0
       0
       0
       0
       0
       0
       0
       0
       0
       0
       0
       0
       0
       1
       0
       0
       0
       0
       0
       0
       0
       0
       0
       0
       0
       0
       0
       0
       0
       0
       0
       0
       0
       0
       0
       0
       0
       0
       0
       0
       0
       0
       0
       0
       0
       1
       0
       0
       0
       0
       0
       0
       0
       0
       0
       0
       0
       0
       0
       0
       0
       0
       0
       0
       0
       0
       0
       0
       0
       1
       0
       0
       0
       0
       0
       0
       1
       0
       0
       0
       0
       1
       0
       0
       0
       0
       0
       0
       0
       0
       1
       1
       0
       0
       0
       0
       1
       0
       0
       0
       0
       0
       0
       0
       0
       0
       0
       0
       0
       0
       0
       0
       0
       0
       0
       0
       0
       0
       0
       0
       0
       0
       0
       0
       0
       0
       0
       0
       0
       0
       0
       0
       0
       0
       0
       0
       0
       0
       0
       0
       0
       0
       0
       0
       0
       0
       0
       0
       0
       0
       0
       0
       0
       0
       0
       0
       0
       0
       0
       0
       0
       0
       0
       0
       0
       0
       0
       0
       0
       0
       0
       0
       0
       0
       0
       0
       0
       0
       0
       0
       0
       0
       0
       0
       0
       0
       0
       0
       0
       0
       0
       0
       1
       0
       0
       0
       0
       0
       0
       0
       0
       0
       0
       0
       0
       0
       0
       0
       0
       0
       0
       0
       0
       0
       0
       0
       0
       0
       0
       0
       0
       0
       0
       1
       0
       0
       0
       0
       0
       0
       0
       0
       0
       0
       0
       0
       0
       0
       0
       0
       1
       0
       0
       0
       0
       0
       0
       0
       0
       0
       0
       0
       0
       0
       0
       0
       0
       0
       0
       0
       0
       0
       0
       0
       1
       0
       0
       0
       0
       0
       0
       0
       0
       0
       0
       0
       0
       0
       0
       0
       0
       0
       0
       0
       0
       0
       0
       0
       0
       0
       0
       1
       0
       0
       0
       0
       0
       0
       0
       0
       0
       0
       0
       0
       0
       0
       0
       0
       0
       0
       0
       0
       0
       0
       0
       0
       0
       0
       0
       0
       0
       0
       0
       0
       0
       0
       0
       0
       0
       0
       0
       0
       0
       0
       0
       0
       0
       0
       0
       0
       1
       1
       2
       2
       0
       1
       1
       2
       2
       0
       2
       0
       2
       0
       1
       0
       1
       0
       0
       1
       2
       0
       2
       2
       0
       0
       1
       0
       1
       1
       0
       2
       1
       0
       1
       1
       1
       2
       0
       2
       0
       0
       1
$ROI:
1
534 576
$PRESETS:
Live Time
360
0
$ENER_FIT:
0.000000 0.000000
$MCA_CAL:
3
0.000000E+000 0.000000E+000 0.000000E+000
$SHAPE_CAL:
3
0.000000E+000 0.000000E+000 0.000000E+000
