$SPEC_ID:
No sample description was entered.
$SPEC_REM:
DET# 3
DETDESC# MCB 25
AP# Maestro Version 6.05
$DATE_MEA:
03/18/2016 11:09:22
$MEAS_TIM:
420 422
$DATA:
0 2047
       0
       0
       0
       0
       0
       0
       0
       0
       0
       0
       0
       0
       0
       0
       0
       0
       0
       0
       0
       0
       0
       0
       0
       0
       0
       0
       0
       0
       0
       0
       0
       1
       0
      38
     248
     347
     377
     382
     408
     357
     369
     382
     386
     385
     392
     400
     396
     444
     436
     391
     414
     400
     390
     426
     404
     418
     428
     446
     424
     406
     456
     436
     453
     479
     441
     440
     478
     444
     443
     468
     449
     484
     404
     416
     442
     453
     481
     468
     415
     442
     414
     413
     436
     405
     458
     412
     400
     389
     416
     411
     404
     389
     401
     431
     392
     392
     387
     417
     354
     389
     405
     357
     390
     371
     398
     376
     368
     321
     363
     352
     380
     371
     369
     343
     364
     318
     337
     393
     361
     339
     358
     410
     335
     379
     337
     372
     355
     321
     339
     356
     357
     343
     343
     343
     332
     356
     344
     322
     346
     319
     315
     335
     341
     344
     332
     335
     336
     315
     337
     312
     343
     330
     283
     323
     341
     328
     279
     356
     338
     370
     302
     302
     293
     323
     296
     277
     316
     305
     281
     296
     300
     284
     289
     275
     281
     280
     297
     279
     275
     292
     263
     246
     269
     294
     280
     266
     289
     289
     276
     281
     287
     259
     265
     297
     298
     280
     289
     247
     270
     274
     289
     245
     239
     271
     271
     254
     260
     226
     244
     242
     298
     250
     239
     264
     269
     263
     243
     274
     256
     281
     231
     242
     231
     245
     289
     244
     268
     241
     248
     243
     274
     253
     291
     265
     265
     264
     242
     289
     264
     257
     256
     248
     258
     250
     259
     215
     233
     232
     256
     268
     255
     248
     263
     262
     268
     255
     265
     245
     251
     288
     261
     247
     256
     239
     261
     244
     277
     274
     252
     240
     257
     257
     237
     264
     283
     268
     249
     267
     261
     252
     281
     308
     265
     251
     273
     308
     294
     311
     297
     267
     294
     286
     298
     320
     305
     289
     306
     305
     304
     337
     309
     306
     325
     318
     318
     351
     324
     317
     311
     328
     332
     315
     321
     286
     307
     289
     305
     266
     290
     282
     260
     249
     231
     213
     249
     201
     214
     205
     202
     191
     188
     191
     193
     175
     174
     176
     169
     234
     220
     202
     198
     202
     183
     177
     169
     181
     183
     171
     140
     139
     129
     116
     150
     108
     102
     114
     127
     134
     105
     114
     126
     111
     100
     109
      99
     106
      91
     101
      94
      86
      73
      89
      94
      83
      99
      86
      91
     116
      94
      82
     100
      87
      85
      94
      83
      86
     109
      90
      88
      99
     107
     112
      86
      88
      95
      94
     101
     108
     105
     104
     102
     102
      88
     110
     106
     117
     111
     108
     121
     118
     128
     102
      95
      91
      91
      89
      91
      84
      87
      84
      86
     103
      92
      87
      85
     100
     102
     127
     133
     151
     197
     240
     377
     476
     644
     804
    1007
    1172
    1312
    1467
    1574
    1696
    1633
    1531
    1414
    1249
    1007
     809
     646
     513
     402
     299
     223
     157
     122
     100
      75
      62
      40
      53
      42
      49
      47
      43
      38
      55
      38
      42
      47
      47
      41
      48
      34
      40
      37
      35
      41
      38
      28
      51
      34
      40
      53
      36
      30
      37
      37
      52
      31
      40
      45
      42
      46
      54
      40
      32
      44
      44
      43
      39
      31
      41
      41
      49
      48
      54
      48
      52
      45
      41
      57
      48
      42
      42
      45
      53
      51
      50
      42
      50
      41
      50
      44
      51
      45
      53
      42
      48
      48
      47
      48
      50
      43
      43
      41
      48
      52
      47
      59
      43
      47
      47
      45
      50
      43
      62
      57
      43
      45
      46
      64
      50
      53
      44
      46
      46
      41
      47
      53
      55
      67
      68
      44
      60
      58
      57
      46
      47
      49
      49
      48
      70
      56
      66
      57
      56
      47
      61
      55
      57
      59
      54
      49
      72
      56
      61
      55
      55
      71
      58
      65
      61
      55
      63
      73
      51
      57
      56
      71
      49
      56
      40
      63
      53
      56
      61
      58
      45
      51
      47
      55
      43
      44
      48
      47
      44
      36
      47
      39
      36
      42
      38
      38
      35
      38
      30
      35
      30
      30
      32
      30
      36
      22
      35
      37
      33
      25
      32
      30
      30
      40
      31
      36
      25
      30
      34
      21
      32
      23
      25
      16
      20
      20
      23
      23
      16
      21
      18
      32
      19
      21
      22
      17
      20
      20
      12
      17
      21
      12
      17
      18
      26
      16
      11
      17
      13
      18
      16
      13
      18
      11
      13
      13
      11
      13
      14
      13
      13
      13
      11
       9
      13
      10
      13
      13
      13
      12
       6
       9
       8
       7
      14
      15
      11
       6
       8
       7
      11
       9
      12
       7
      12
      10
      10
       7
      14
      16
       7
       8
       8
      10
       8
       9
      13
       8
      13
      11
      21
      14
      16
      21
      22
      36
      33
      44
      58
      94
     135
     148
     198
     214
     225
     247
     269
     281
     293
     282
     259
     272
     242
     173
     160
     143
     105
      75
      65
      53
      36
      23
      19
      13
       9
      10
       7
       9
       7
       3
       4
       6
       3
       3
       1
       4
       4
       3
       3
       5
       4
       1
       4
       5
       3
       1
       4
       3
       7
       3
       6
       3
       2
       0
       3
       5
       3
       4
       2
       3
       2
       0
       3
       3
       2
       2
       3
       5
       1
       4
       3
       5
       3
       1
       4
       3
       0
       6
       2
       2
       4
       2
       0
       1
       1
       6
       3
       3
       2
       1
       1
       4
       2
       4
       2
       3
       3
       3
       3
       1
       1
       2
       2
       1
       4
       4
       1
       0
       2
       4
       2
       2
       1
       3
       2
       2
       1
       4
       6
       3
       8
       2
       2
       3
       2
       2
       5
       0
       2
       2
       4
       2
       2
       5
       3
       1
       0
       6
       3
       0
       1
       1
       2
       4
       3
       4
       2
       4
       3
       2
       4
       3
       4
       4
       5
       3
       6
       1
       6
       0
       1
       3
       3
       3
       2
       2
       4
       4
       2
       5
       2
       1
       2
       1
       5
       3
       2
       4
       1
       3
       1
       5
       4
       6
       7
       3
       5
       1
       0
       1
       4
       1
       3
       3
       5
       0
       1
       1
       1
       5
       5
       3
       3
       2
       3
       3
       3
       1
       1
       2
       2
       3
       3
       1
       2
       2
       2
       1
       3
       3
       1
       3
       4
       3
       5
       1
       4
       4
       2
       3
       0
       2
       2
       5
       4
       1
       3
       5
       5
       3
       3
       4
       3
       2
       3
       1
       2
       1
       1
       0
       3
       3
       1
       2
       2
       2
       0
       5
       1
       0
       1
       3
       4
       4
       7
       5
       1
       4
       2
       2
       2
       5
       3
       4
       2
       5
       3
       3
       2
       1
       2
       0
       1
       2
       0
       1
       0
       3
       0
       1
       3
       0
       1
       1
       1
       1
       3
       2
       0
       1
       3
       2
       1
       0
       3
       3
       2
       5
       2
       1
       5
       2
       3
       1
       2
       2
       1
       3
       0
       2
       2
       1
       1
       4
       2
       1
       3
       6
       0
       1
       0
       0
       2
       2
       1
       0
       0
       0
       0
       1
       2
       2
       0
       3
       1
       0
       1
       2
       4
       1
       2
       1
       0
       1
       2
       1
       0
       2
       6
       1
       1
       0
       1
       2
       4
       5
       0
       2
       1
       2
       2
       0
       4
       0
       0
       0
       3
       3
       1
       0
       3
       0
       1
       1
       2
       1
       0
       0
       1
       0
       1
       0
       2
       0
       0
       1
       4
       2
       1
       2
       1
       0
       1
       0
       1
       0
       0
       4
       0
       1
       0
       1
       4
       4
       0
       0
       0
       0
       2
       3
       1
       0
       2
       0
       2
       3
       0
       2
       3
       1
       3
       1
       2
       1
       5
       3
       0
       1
       4
       1
       5
       5
       3
       4
       3
       3
       7
       4
       3
       2
       0
       2
       2
       1
       2
       1
       2
       2
       1
       0
       0
       2
       0
       0
       0
       0
       1
       2
       0
       0
       0
       2
       0
       2
       1
       0
       0
       0
       0
       0
       0
       0
       0
       0
       0
       1
       2
       1
       1
       1
       3
       0
       2
       1
       2
       1
       1
       3
       0
       0
       0
       0
       0
       0
       0
       2
       1
       2
       1
       1
       0
       1
       1
       0
       0
       1
       2
       0
       0
       1
       1
       0
       0
       1
       1
       2
       2
       1
       1
       0
       0
       0
       0
       0
       2
       1
       2
       0
       1
       0
       1
       0
       0
       0
       1
       0
       0
       0
       0
       0
       1
       0
       0
       0
       0
       0
       0
       1
       0
       0
       0
       0
       1
       1
       1
       1
       0
       0
       1
       1
       1
       0
       4
       0
       0
       0
       1
       1
       0
       1
       0
       1
       0
       2
       0
       0
       1
       1
       0
       1
       1
       2
       0
       0
       0
       2
       0
       0
       0
       0
       0
       0
       1
       0
       0
       0
       2
       0
       0
       2
       2
       0
       0
       1
       0
       1
       0
       1
       1
       1
       0
       1
       1
       0
       0
       0
       0
       0
       0
       0
       0
       1
       0
       1
       2
       0
       1
       0
       0
       1
       1
       0
       0
       1
       1
       1
       0
       0
       1
       0
       0
       0
       1
       0
       0
       0
       1
       0
       0
       0
       0
       0
       1
       1
       0
       0
       0
       1
       1
       0
       0
       1
       2
       1
       0
       1
       0
       0
       2
       0
       3
       0
       0
       0
       0
       0
       1
       0
       1
       0
       0
       0
       0
       0
       0
       0
       1
       2
       0
       1
       0
       0
       0
       0
       2
       0
       0
       0
       1
       0
       0
       1
       0
       1
       0
       0
       0
       0
       0
       0
       1
       0
       0
       0
       0
       0
       2
       0
       2
       0
       1
       0
       0
       1
       0
       1
       1
       0
       0
       3
       1
       0
       0
       2
       2
       1
       1
       1
       2
       0
       0
       0
       2
       2
       0
       1
       0
       0
       0
       0
       1
       0
       1
       0
       0
       0
       0
       1
       0
       0
       0
       1
       0
       1
       2
       0
       0
       0
       0
       0
       0
       0
       0
       0
       0
       0
       1
       1
       0
       1
       0
       0
       1
       0
       1
       2
       0
       0
       1
       0
       1
       0
       0
       0
       1
       1
       0
       2
       0
       0
       1
       0
       1
       0
       0
       1
       0
       1
       0
       0
       0
       0
       0
       0
       0
       1
       1
       1
       1
       1
       1
       1
       2
       2
       0
       1
       0
       0
       0
       0
       1
       1
       2
       1
       0
       1
       0
       0
       0
       0
       1
       0
       0
       1
       0
       0
       1
       0
       0
       2
       1
       0
       0
       0
       1
       0
       0
       0
       0
       0
       0
       1
       0
       1
       0
       1
       0
       1
       1
       0
       0
       0
       0
       0
       1
       0
       0
       0
       0
       0
       0
       0
       0
       0
       0
       0
       0
       0
       0
       1
       1
       1
       1
       1
       0
       1
       0
       1
       0
       0
       0
       0
       0
       1
       0
       0
       0
       0
       0
       0
       0
       0
       0
       0
       0
       0
       0
       0
       0
       0
       1
       0
       0
       0
       0
       0
       0
       1
       0
       0
       0
       0
       0
       0
       0
       0
       0
       0
       0
       0
       1
       0
       0
       0
       0
       0
       0
       0
       0
       0
       1
       0
       0
       0
       0
       0
       0
       0
       0
       0
       0
       0
       1
       0
       0
       1
       0
       0
       0
       0
       0
       0
       0
       0
       1
       0
       0
       1
       0
       0
       0
       1
       0
       0
       0
       0
       0
       0
       0
       0
       2
       1
       0
       1
       1
       0
       1
       2
       2
       1
       2
       1
       1
       0
       0
       0
       1
       0
       0
       0
       2
       0
       1
       0
       0
       0
       0
       0
       0
       0
       0
       0
       0
       0
       0
       0
       0
       0
       0
       0
       0
       0
       0
       0
       0
       0
       0
       0
       0
       0
       0
       1
       0
       0
       0
       0
       0
       0
       0
       0
       0
       0
       0
       0
       0
       0
       0
       0
       0
       0
       0
       0
       0
       1
       0
       1
       0
       0
       0
       0
       0
       0
       0
       0
       0
       0
       0
       0
       0
       0
       0
       0
       0
       0
       0
       0
       0
       0
       0
       0
       0
       0
       0
       0
       0
       0
       0
       1
       0
       0
       0
       0
       0
       0
       0
       0
       1
       0
       0
       0
       0
       0
       0
       0
       0
       0
       0
       0
       0
       0
       0
       0
       0
       0
       0
       0
       0
       0
       0
       0
       0
       0
       0
       0
       0
       0
       0
       0
       0
       0
       0
       0
       0
       0
       0
       0
       0
       0
       0
       0
       0
       0
       0
       0
       0
       0
       0
       0
       0
       0
       0
       0
       0
       0
       0
       0
       0
       0
       0
       0
       0
       0
       0
       0
       0
       0
       0
       0
       0
       0
       0
       0
       0
       0
       0
       0
       0
       0
       0
       0
       0
       0
       0
       0
       0
       0
       0
       1
       0
       0
       1
       0
       0
       0
       0
       0
       0
       0
       0
       0
       0
       1
       0
       0
       0
       0
       0
       0
       0
       0
       0
       0
       0
       0
       0
       0
       0
       0
       0
       0
       0
       0
       0
       0
       0
       0
       0
       0
       0
       0
       0
       0
       0
       0
       0
       0
       0
       0
       0
       0
       0
       0
       0
       0
       0
       2
       3
       5
       4
       9
       3
       8
       5
       5
       8
       2
       5
       6
       5
       7
       3
       4
      12
       7
       5
       6
       3
       5
       8
       3
       3
       4
       1
       8
       6
       5
       7
      10
       2
       5
       5
       9
       5
       9
       6
       2
       9
       4
       6
       4
       3
$ROI:
6
40 106
261 326
334 351
423 464
582 617
725 765
$PRESETS:
Live Time
1200
0
$ENER_FIT:
0.000000 0.000000
$MCA_CAL:
3
0.000000E+000 0.000000E+000 0.000000E+000
$SHAPE_CAL:
3
0.000000E+000 0.000000E+000 0.000000E+000
