$SPEC_ID:
No sample description was entered.
$SPEC_REM:
DET# 3
DETDESC# MCB 25
AP# Maestro Version 6.05
$DATE_MEA:
03/18/2016 11:01:40
$MEAS_TIM:
271 273
$DATA:
0 2047
       0
       0
       0
       0
       0
       0
       0
       0
       0
       0
       0
       0
       0
       0
       0
       0
       0
       0
       0
       0
       0
       0
       0
       0
       0
       0
       0
       0
       0
       0
       0
       1
       1
      66
     431
     623
     685
     803
     797
     838
     879
    1013
    1110
    1195
    1365
    1490
    1701
    1821
    1874
    1995
    2007
    2091
    1988
    2029
    2005
    1990
    1935
    1912
    1897
    1789
    1705
    1640
    1585
    1457
    1343
    1332
    1203
    1159
    1095
    1005
    1000
     899
     865
     831
     861
     794
     753
     754
     717
     711
     690
     727
     727
     729
     694
     721
     733
     719
     700
     632
     635
     673
     661
     630
     625
     584
     579
     580
     536
     590
     620
     539
     557
     559
     531
     520
     557
     571
     497
     507
     515
     514
     554
     502
     506
     516
     543
     518
     516
     547
     524
     523
     528
     480
     540
     506
     501
     546
     538
     565
     538
     576
     563
     527
     646
     603
     632
     649
     693
     659
     667
     642
     562
     591
     607
     581
     611
     641
     711
     752
     851
    1007
    1217
    1467
    1616
    1836
    1970
    2076
    2064
    2022
    1950
    1766
    1455
    1297
    1144
     926
     769
     643
     535
     447
     453
     425
     381
     401
     404
     412
     390
     431
     440
     430
     467
     462
     436
     470
     411
     410
     419
     380
     357
     330
     342
     348
     312
     335
     329
     332
     360
     356
     334
     385
     353
     353
     301
     321
     323
     300
     299
     303
     287
     293
     287
     323
     301
     363
     353
     373
     405
     377
     474
     504
     546
     584
     581
     624
     610
     558
     556
     527
     544
     477
     379
     389
     324
     278
     290
     246
     247
     222
     233
     238
     220
     223
     217
     216
     237
     221
     210
     215
     224
     202
     197
     228
     240
     206
     201
     213
     201
     227
     266
     212
     187
     233
     200
     206
     204
     217
     238
     258
     223
     229
     212
     232
     247
     235
     213
     217
     210
     213
     210
     182
     213
     187
     169
     189
     157
     172
     154
     178
     145
     151
     148
     177
     168
     143
     145
     163
     160
     151
     178
     177
     166
     201
     224
     233
     228
     240
     236
     257
     242
     236
     200
     216
     174
     194
     205
     160
     194
     149
     168
     151
     159
     120
     143
     162
     159
     122
     153
     150
     157
     152
     181
     165
     183
     210
     197
     216
     260
     250
     274
     302
     300
     266
     247
     214
     222
     188
     195
     177
     162
     176
     174
     150
     179
     142
     142
     146
     154
     147
     138
     156
     148
     136
     151
     152
     165
     166
     137
     159
     161
     184
     175
     147
     173
     166
     170
     190
     188
     186
     208
     242
     270
     256
     353
     394
     451
     466
     510
     530
     501
     528
     513
     472
     431
     417
     321
     314
     254
     223
     208
     183
     173
     160
     131
     135
     132
     115
     132
     122
     135
     138
     124
     128
     123
     124
     107
     108
     119
     138
     112
     107
     122
     122
     122
     139
     116
     114
     113
     117
     124
     118
     112
     107
     107
     129
     138
     109
     101
     118
     124
     132
     134
     113
     122
     131
     121
     110
     107
     112
     114
     106
     126
     118
     151
     124
     109
     126
     121
     122
     112
     120
     125
     110
     121
     115
     118
     118
     125
     118
     117
     117
     125
     118
     130
     133
     133
     119
     139
     132
     139
     161
     162
     160
     149
     196
     184
     148
     177
     167
     156
     150
     135
     137
     118
     109
     115
     112
     106
      99
     110
     109
     109
      99
     117
      98
     118
      89
     111
      87
     107
     107
     107
     108
     104
      88
      89
      93
      96
     104
      99
      99
      88
     101
      99
      91
      99
     125
     112
      94
     103
     104
      93
     126
     101
      81
     100
      84
      76
      79
      75
      80
      58
      59
      60
      46
      52
      51
      52
      49
      56
      41
      57
      70
      67
      63
      74
      68
      76
      75
      67
      77
      69
      66
      70
      67
      65
      59
      63
      79
      64
      81
      74
      73
      85
      78
      76
      68
      70
      64
      66
      71
      45
      60
      60
      72
      47
      46
      47
      50
      53
      42
      50
      44
      52
      54
      58
      59
      53
      88
      94
     115
     138
     144
     165
     227
     224
     260
     249
     278
     265
     259
     217
     229
     202
     173
     146
     135
     124
      87
      87
      50
      53
      51
      33
      44
      45
      32
      40
      44
      38
      36
      41
      39
      35
      63
      53
      64
      70
      86
     115
      98
     133
     158
     179
     164
     184
     200
     160
     194
     192
     173
     128
     123
      96
     103
      90
      79
      48
      49
      48
      32
      25
      25
      29
      32
      22
      17
      14
      19
      22
      24
      17
      18
      17
      19
      23
      21
      24
      22
      16
      24
      18
      31
      21
      21
      18
      19
      25
      21
      30
      23
      18
      21
      21
      21
      18
      14
      23
      25
      17
      22
      23
      19
      18
      24
      15
      21
      21
      20
      21
      19
      22
      24
      22
      23
      24
      20
      21
      18
      19
      19
      22
      24
      24
      20
      19
      17
      18
      26
      22
      24
      27
      17
      18
      20
      20
      20
      28
      22
      29
      24
      22
      25
      31
      22
      22
      23
      33
      18
      20
      17
      20
      16
      22
      27
      17
      20
      21
      12
      12
      15
      12
      25
      24
      26
      14
      23
      16
      19
      17
      17
      22
      22
      12
      19
      16
      21
      23
      18
      24
      37
      21
      15
      16
      16
      18
      24
      16
      20
      17
      23
      17
      13
      17
      25
      14
      21
      14
      22
      26
      15
      15
      15
      18
      14
      27
      14
      23
      20
      19
      21
      23
      25
      22
      22
      23
      16
      16
      19
      22
      16
      20
      21
      27
      18
      21
      13
      23
      18
      24
      21
      25
      25
      33
      16
      21
      31
      18
      21
      10
      19
      22
      21
      31
      17
      20
      22
      18
      21
      20
      23
      11
      25
      29
      16
      22
      17
      19
      20
      12
      14
      24
      18
      19
      21
      20
      14
      22
      13
      19
      10
      21
      16
      19
      19
      24
      20
      19
      16
      20
      23
      18
      27
      17
      21
      21
      24
      23
      19
      16
      19
      24
      23
      20
      24
      17
      18
      20
      29
      13
      23
      27
      17
      18
      15
      23
      15
      18
      16
      24
      17
      22
      18
      22
      18
      14
      20
      18
      23
      22
      18
      19
      20
      25
      14
      17
      17
      20
      18
      15
      21
      16
      19
      15
      21
      16
      17
      17
      11
      25
      18
      14
       9
      14
      24
      12
      18
      16
      14
      20
      13
      16
      19
      21
      22
      14
      16
      24
      11
      14
      21
      17
      27
      10
      12
      20
      17
      14
      16
      17
      20
      22
      14
      14
      13
      11
      20
      21
      16
      12
      24
      17
      12
       9
      21
      22
      17
      18
      14
      16
      10
      19
      18
      16
      20
      24
      15
      19
      13
      24
      16
      20
      24
      19
      22
      13
      16
      14
      21
      15
      18
      20
      15
      18
      11
      22
      16
      22
      12
      14
      16
      20
      13
       8
      13
      24
      19
      18
      14
      13
      12
       8
      12
      11
      14
      14
      11
      12
      18
      11
      17
      13
      11
       9
      14
      16
      17
      16
      18
      17
      25
      19
      17
      23
      29
      31
      28
      34
      40
      34
      43
      38
      32
      35
      35
      32
      36
      26
      36
      26
      27
      18
      21
      20
      24
      18
      14
      26
      24
      18
      26
      21
      18
      22
      26
      26
      21
      33
      24
      27
      20
      21
      23
      12
      19
      25
      14
      12
      14
      20
      16
      18
      11
      11
      10
       9
       9
      12
       9
      13
      14
      19
      13
      10
      16
       8
       9
       8
      13
      10
      14
      18
      16
      10
      15
      16
      11
      16
      16
      14
      20
       9
       8
      10
      14
       7
      14
      15
      10
      12
      13
      16
       8
       9
       8
      14
       9
      12
      10
      15
      13
      17
      15
      13
      13
      15
       6
      19
       9
      13
       7
      15
      13
      11
       7
      14
      10
      10
      12
      14
      12
       6
      16
      16
      17
      12
      15
       9
      15
       7
      11
      16
       8
       6
      14
      10
      10
      10
      14
      11
      16
       6
      14
      11
      10
      11
      11
      12
      12
      14
      15
      19
      13
      11
      21
      12
      15
       7
      14
      13
      10
      16
      17
      13
      11
      11
      13
      12
      14
       7
      20
      12
      10
      11
      12
      16
       9
      11
      16
       9
      16
      18
      12
      12
      10
      14
       6
      10
      14
      16
      17
      11
      14
      15
       5
      15
       8
       5
      10
      12
      15
      13
      13
      10
       9
      14
      10
      12
       8
      16
      13
      10
      17
      10
      12
      12
      12
      14
       9
      14
      14
      14
      10
      11
      16
      16
      15
      12
      17
      16
      20
       4
      10
      19
      10
      24
       8
      16
      13
      14
       9
      13
      13
       8
      16
      14
      11
       8
      14
       5
      14
      14
      12
      20
      15
      15
      11
      19
      13
      15
      11
      10
       9
      11
      13
      11
      10
      12
      20
      12
      18
       9
      17
      10
      16
      10
       8
      12
      16
      15
      16
      14
      11
      13
      15
       6
      12
      12
      13
      10
       4
      18
       9
      12
      16
      24
      12
      15
      11
      13
       7
      12
      13
      14
      16
      19
      10
      14
      15
      12
       9
      15
       8
      14
      10
       8
      14
      14
       5
       7
       9
      13
      17
       9
       7
      16
      15
      20
      15
      14
       8
      11
      12
      11
      12
       9
      10
      21
      12
      15
      17
      13
      10
      15
      16
      31
      15
      17
      12
      23
      21
      18
      18
      25
      21
      28
      21
      34
      25
      28
      35
      15
      20
      21
      19
      20
      20
      20
      16
      12
      15
      11
      18
      26
      11
      17
      14
      20
      11
      14
      16
      13
      10
      15
      14
      12
      14
      15
      12
      10
      15
      17
      14
      16
      13
      19
      17
       6
       7
      13
      14
      12
      16
      11
      13
      16
      19
      14
      21
      13
      22
      19
      13
      16
      13
      12
      19
      10
      16
      16
      13
      16
      17
      14
      14
       9
      14
      17
      14
      14
      18
      19
      18
      18
      16
      20
      13
      11
      19
      22
      11
      19
      20
      17
      16
      15
       8
      13
      14
      14
      16
      19
      16
      12
      27
       8
      17
      11
       9
      17
      20
      17
      21
      17
      18
      23
      17
      23
      17
      11
      11
      15
      10
      18
      22
      14
      14
      12
      20
      12
      16
      14
      15
      15
      26
      19
      17
      16
      24
      20
      15
      10
      21
      15
      13
      21
      19
      20
      21
      19
      15
      17
      15
      20
      17
      18
      12
      25
      15
      16
      15
      20
      15
      20
      16
      28
      20
      19
      17
      16
      17
      14
      17
      21
      17
      23
      20
      22
      21
      23
      22
      17
      18
      19
      21
      21
      19
      17
      19
      19
      25
      24
      18
      18
      17
      21
      16
       9
       9
      20
      10
       6
       6
      17
       9
      12
       9
      14
       6
      16
      15
      12
       8
      13
      16
      14
       8
      13
      14
      24
      13
      13
      12
      14
      11
      12
      13
       8
      11
      12
       9
      18
       8
       6
      13
       6
       7
       9
      11
      14
       9
       9
       7
      11
       9
       9
       6
       8
       8
       3
       9
      14
       9
      10
       5
      13
      13
       8
       7
       8
       6
       5
      10
       7
       8
       7
       5
       4
       6
       7
       3
       6
       5
      10
       4
       3
       8
      10
       5
       3
       3
       8
       4
       6
       2
       3
       2
       4
       8
       4
       8
       4
       5
       5
       3
       3
       3
       1
       4
       4
       8
       5
       5
       1
       5
       4
       3
       3
       4
       2
       7
       7
       3
       2
       9
       2
       4
       6
       3
       1
       7
       4
      10
      10
       5
       7
       9
      13
       9
      12
      14
      13
      13
      20
      26
      23
      22
      25
      36
      37
      41
      57
      52
      52
      45
      49
      58
      53
      57
      51
      51
      43
      41
      50
      41
      45
      46
      39
      35
      29
      23
      11
      20
      27
      13
      12
       9
       6
       4
       1
       1
       1
       4
       0
       2
       0
       4
       2
       0
       1
       0
       0
       0
       0
       0
       2
       1
       0
       0
       1
       0
       1
       0
       2
       0
       1
       0
       0
       0
       0
       2
       0
       0
       0
       2
       0
       0
       1
       0
       1
       0
       1
       0
       0
       0
       2
       0
       0
       0
       0
       0
       1
       1
       0
       0
       0
       1
       0
       1
       1
       1
       0
       0
       1
       0
       0
       1
       0
       1
       1
       0
       1
       0
       1
       0
       1
       1
       1
       2
       1
       1
       0
       0
       0
       0
       2
       0
       0
       0
       0
       0
       0
       0
       0
       0
       1
       1
       0
       0
       1
       0
       1
       0
       1
       0
       0
       0
       0
       0
       0
       1
       0
       0
       0
       0
       0
       1
       0
       3
       0
       0
       0
       1
       0
       0
       0
       0
       1
       0
       1
       1
       2
       1
       0
       0
       0
       0
       1
       0
       1
       1
       0
       0
       1
       1
       2
       1
       0
       0
       0
       0
       1
       0
       1
       1
       0
       0
       1
       0
       0
       0
       1
       2
       0
       0
       0
       1
       0
       0
       1
       0
       0
       0
       0
       0
       0
       1
       1
       0
       0
       0
       0
       0
       1
       0
       0
       0
       0
       0
       0
       0
       1
       2
       0
       0
       0
       0
       1
       0
       2
       1
       0
       0
       0
       0
       0
       0
       0
       0
       1
       0
       0
       0
       0
       0
       0
       0
       0
       0
       2
       2
       0
       1
       0
       0
       1
       1
       0
       0
       0
       0
       0
       0
       5
       5
       3
       4
       4
       5
       3
       3
       6
       4
       1
       1
       3
       2
       5
       6
       0
       2
       2
       1
       1
       5
       1
       3
       1
       1
       8
       1
       4
       2
       6
       2
       0
       1
       6
       1
       4
       1
       2
       4
       3
       1
       1
       2
       2
       4
$ROI:
0
$PRESETS:
Live Time
1200
0
$ENER_FIT:
0.000000 0.000000
$MCA_CAL:
3
0.000000E+000 0.000000E+000 0.000000E+000
$SHAPE_CAL:
3
0.000000E+000 0.000000E+000 0.000000E+000
