$SPEC_ID:
No sample description was entered.
$SPEC_REM:
DET# 3
DETDESC# MCB 25
AP# Maestro Version 6.05
$DATE_MEA:
03/18/2016 10:47:59
$MEAS_TIM:
364 375
$DATA:
0 2047
       0
       0
       0
       0
       0
       0
       0
       0
       0
       0
       0
       0
       0
       0
       0
       0
       0
       0
       0
       0
       0
       0
       0
       0
       0
       0
       0
       0
       0
       0
       0
       3
      24
     352
    1917
    2706
    3059
    3145
    3364
    3582
    3732
    4120
    4592
    5186
    5546
    6106
    6494
    7032
    7315
    7447
    7516
    7700
    7523
    7646
    7614
    7556
    7273
    7243
    6879
    6614
    6195
    6076
    5494
    5110
    4994
    4582
    4463
    4154
    3822
    3644
    3452
    3426
    3215
    3117
    2994
    2787
    2768
    2716
    2704
    2649
    2638
    2760
    2678
    2652
    2687
    2603
    2639
    2516
    2590
    2378
    2411
    2285
    2347
    2312
    2186
    2145
    2166
    2199
    2214
    2215
    2202
    2231
    2124
    2107
    2061
    2071
    2107
    2062
    2072
    2027
    2013
    2020
    2036
    1936
    1963
    2055
    1996
    1953
    1955
    2051
    2032
    1962
    1982
    2050
    2043
    2034
    2100
    2136
    2152
    2206
    2161
    2278
    2324
    2457
    2504
    2486
    2559
    2662
    2656
    2643
    2715
    2705
    2831
    2878
    2969
    3097
    3382
    3613
    4057
    4378
    4787
    5414
    6179
    6745
    7226
    7408
    7589
    7751
    7291
    6935
    6515
    5748
    5111
    4493
    3745
    3268
    2850
    2462
    2181
    1972
    1798
    1754
    1661
    1650
    1691
    1711
    1734
    1702
    1764
    1759
    1786
    1757
    1711
    1666
    1668
    1556
    1526
    1516
    1530
    1453
    1401
    1368
    1441
    1466
    1414
    1427
    1497
    1418
    1405
    1475
    1393
    1412
    1415
    1392
    1462
    1396
    1349
    1386
    1430
    1345
    1486
    1602
    1558
    1662
    1757
    1812
    1855
    2003
    2069
    2132
    2141
    2224
    2093
    2149
    2221
    2047
    1819
    1840
    1646
    1532
    1430
    1333
    1273
    1146
    1056
    1046
    1036
     966
     937
     971
     914
     934
     880
     883
     948
     891
     858
     847
     858
     919
     915
     928
     911
     911
     883
     879
     898
     914
     913
     910
     937
     905
     891
     915
     889
     930
     890
     907
     957
     971
     870
     884
     888
     820
     852
     880
     809
     848
     799
     777
     734
     737
     776
     716
     729
     767
     725
     739
     738
     713
     796
     743
     712
     746
     762
     761
     779
     750
     787
     805
     792
     830
     882
     881
     887
     875
     878
     959
     938
     938
     849
     881
     841
     773
     795
     730
     715
     746
     691
     705
     679
     724
     728
     728
     697
     710
     749
     763
     794
     834
     796
     823
     830
     871
     902
     963
     987
     964
    1017
     937
     962
     933
     853
     913
     922
     850
     829
     784
     784
     713
     686
     638
     730
     745
     756
     733
     690
     695
     753
     765
     756
     764
     760
     839
     810
     783
     856
     921
     898
     945
     885
     926
     955
     971
    1006
    1036
    1047
    1072
    1134
    1201
    1296
    1382
    1397
    1491
    1573
    1630
    1672
    1622
    1667
    1508
    1466
    1431
    1307
    1162
    1098
     965
     941
     764
     722
     648
     635
     632
     589
     551
     564
     555
     521
     540
     497
     547
     525
     576
     575
     527
     534
     505
     540
     530
     534
     509
     525
     495
     527
     573
     542
     518
     571
     560
     547
     535
     523
     534
     540
     581
     525
     560
     576
     550
     584
     511
     543
     585
     568
     543
     550
     567
     561
     575
     543
     537
     535
     565
     557
     510
     581
     542
     526
     538
     595
     566
     599
     562
     573
     555
     540
     552
     551
     540
     560
     595
     602
     590
     559
     619
     577
     579
     614
     579
     641
     671
     646
     679
     690
     652
     671
     639
     612
     611
     592
     594
     559
     489
     535
     453
     473
     490
     506
     474
     456
     447
     409
     444
     432
     431
     462
     458
     453
     419
     455
     429
     438
     434
     430
     431
     459
     363
     440
     429
     434
     456
     375
     419
     413
     403
     378
     414
     399
     410
     404
     394
     421
     386
     362
     379
     377
     390
     332
     299
     336
     324
     305
     318
     308
     293
     284
     307
     270
     316
     378
     328
     305
     357
     340
     351
     345
     354
     350
     337
     408
     395
     365
     359
     339
     364
     335
     367
     374
     384
     378
     389
     377
     426
     443
     412
     389
     403
     359
     380
     402
     383
     368
     375
     417
     391
     371
     377
     355
     358
     365
     387
     416
     415
     413
     416
     443
     422
     477
     528
     534
     582
     617
     706
     713
     790
     769
     803
     780
     843
     726
     799
     711
     673
     632
     579
     465
     456
     426
     383
     355
     295
     276
     296
     256
     247
     243
     262
     245
     271
     269
     288
     258
     270
     284
     317
     325
     335
     384
     406
     410
     439
     453
     502
     553
     529
     532
     541
     523
     517
     430
     416
     409
     361
     313
     274
     238
     240
     178
     192
     127
     128
     134
     118
     120
     113
     120
     120
     107
     104
      98
      92
     105
     103
     102
      95
     124
     104
     108
     118
      97
     112
     110
     116
      97
      90
      93
      97
      81
     110
     107
     105
     115
     110
      99
      90
      93
      92
     102
     107
     102
      98
     115
     110
     119
     124
      88
     111
     107
     117
     116
     104
     105
     110
      99
     112
     116
     128
      99
     139
     128
     115
     109
     112
     111
     127
     104
     101
     119
     112
     110
     106
     130
     131
     114
      94
     100
     108
     108
      89
     124
     112
     106
     113
     109
      88
     105
     113
     106
      77
      75
     109
      86
     110
      94
     107
      98
      74
      91
     100
      98
      91
      93
      95
      78
     102
      84
     105
     105
      94
      84
      91
     100
      88
      91
      81
      85
     102
      97
      90
      93
      92
      92
      90
     102
     106
      88
     109
      74
      91
      84
     110
      91
      95
      64
      88
      84
     101
      96
      92
     108
      76
      82
      90
      95
     116
      95
      91
     108
      77
     104
      91
     107
      88
      92
     103
      91
     101
      92
      96
      87
      88
      98
      93
      88
     100
     109
      95
      84
      96
      90
     111
      97
     104
     122
     102
      91
     128
     108
      97
      99
     120
      97
      94
     101
      89
      84
      79
     103
      76
      84
      77
      74
      96
      83
      91
      95
      97
      92
      87
      90
      91
      79
     107
      84
      95
      85
      79
     105
      80
     107
      80
      97
      93
      91
     103
      94
      99
      98
      76
      82
      87
      80
      90
      95
      68
      91
     104
     110
      83
      81
      88
      85
      87
      97
      65
      84
      84
      82
      93
      80
      77
      86
      83
      74
      74
      91
      78
      88
      82
      91
      71
      73
      91
     107
      92
      90
      91
      83
      86
      90
      88
      90
      86
      79
      85
      74
      77
      92
      82
      84
      71
      83
      76
      74
      89
      73
      68
      87
      84
      67
      84
      86
      90
      96
      81
      77
      71
      77
      68
      70
      87
      69
      93
      77
      84
      78
      66
      70
      85
      88
      74
      85
      85
      87
      92
      89
      80
      85
      77
      91
      80
      85
      91
      74
      77
      88
     103
      78
      77
      82
      90
      91
      96
      78
      80
      83
      70
      80
      85
      96
      81
      78
      72
      93
      85
     102
      90
      77
     113
      86
      87
      91
      95
      85
      98
      81
      88
      99
      83
      67
      72
      74
      93
      83
      96
      83
      80
      77
      72
      75
      71
      85
      80
      87
      58
      77
      71
      72
      73
      72
      74
      67
      71
      74
      83
      62
      71
      92
      91
      74
      79
      95
      77
      89
      72
      78
      86
      80
      93
     111
      99
     130
      99
     113
      90
     112
     113
     123
     134
     137
     112
     128
     123
     106
     115
     124
     125
     110
     120
      89
     107
     102
      85
      97
      66
      78
      71
      80
      92
      85
      75
      87
     101
      83
      90
      85
      89
      71
      77
      92
      90
      85
      75
      71
      75
      76
      76
      78
      62
      68
      60
      66
      79
      55
      67
      57
      51
      58
      74
      59
      64
      65
      61
      71
      68
      60
      46
      56
      50
      56
      68
      68
      72
      63
      67
      58
      68
      61
      75
      73
      58
      64
      61
      57
      57
      73
      50
      62
      51
      65
      73
      57
      56
      71
      62
      71
      56
      55
      61
      64
      56
      68
      56
      68
      66
      57
      90
      45
      57
      60
      69
      53
      55
      75
      52
      69
      64
      60
      69
      65
      53
      56
      71
      55
      73
      66
      55
      63
      66
      67
      66
      64
      62
      70
      54
      57
      68
      58
      63
      61
      58
      51
      42
      48
      47
      63
      59
      79
      83
      65
      58
      69
      77
      55
      67
      67
      58
      55
      53
      54
      53
      60
      70
      73
      61
      68
      59
      69
      66
      48
      64
      60
      67
      48
      51
      71
      60
      58
      62
      68
      63
      65
      61
      62
      53
      54
      64
      63
      71
      60
      66
      57
      79
      67
      69
      55
      59
      63
      72
      63
      58
      64
      53
      79
      63
      78
      76
      47
      52
      65
      68
      63
      68
      65
      73
      59
      56
      56
      62
      61
      73
      47
      55
      71
      68
      61
      62
      62
      70
      67
      66
      66
      59
      71
      51
      55
      70
      55
      74
      73
      67
      56
      57
      49
      61
      61
      60
      52
      66
      62
      66
      72
      66
      63
      65
      65
      67
      65
      66
      58
      55
      62
      65
      55
      62
      59
      70
      74
      80
      67
      76
      75
      65
      68
      55
      56
      66
      66
      68
      73
      62
      52
      66
      60
      75
      65
      54
      70
      65
      64
      64
      59
      52
      70
      58
      58
      53
      65
      65
      83
      68
      74
      64
      65
      52
      58
      62
      61
      64
      42
      75
      76
      57
      67
      66
      74
      56
      61
      69
      61
      58
      61
      65
      62
      69
      52
      68
      73
      67
      69
      75
      68
      66
      65
      77
      59
      63
      65
      72
      76
      57
      62
      66
      79
      83
      92
      82
      80
      93
      81
      87
      68
      77
      82
      88
      90
      80
      81
      62
      92
      84
      76
      82
      77
      66
      79
      62
      77
      80
      64
      70
      67
      74
      64
      74
      60
      61
      71
      60
      58
      68
      67
      68
      79
      69
      67
      61
      60
      69
      68
      74
      69
      60
      63
      62
      76
      66
      70
      68
      77
      58
      72
      77
      68
      66
      57
      66
      67
      80
      71
      57
      64
      78
      55
      76
      63
      69
      60
      62
      67
      68
      75
      62
      72
      69
      66
      74
      68
      63
      55
      51
      74
      66
      50
      73
      61
      68
      62
      70
      74
      54
      66
      63
      50
      60
      73
      60
      76
      69
      63
      57
      61
      71
      74
      56
      67
      55
      69
      70
      81
      70
      65
      70
      67
      76
      65
      75
      55
      70
      60
      56
      63
      58
      57
      64
      58
      63
      61
      61
      74
      74
      74
      64
      72
      57
      63
      61
      61
      59
      64
      56
      81
      72
      52
      58
      66
      63
      61
      76
      61
      75
      67
      64
      72
      75
      61
      67
      71
      71
      61
      62
      66
      52
      57
      74
      65
      72
      75
      65
      70
      60
      63
      66
      70
      66
      76
      63
      72
      64
      66
      82
      57
      56
      65
      55
      72
      64
      63
      56
      56
      81
      64
      70
      61
      58
      52
      51
      54
      46
      55
      43
      52
      47
      56
      50
      44
      48
      45
      61
      44
      42
      44
      45
      44
      30
      38
      46
      54
      49
      39
      44
      53
      33
      52
      52
      32
      33
      41
      35
      47
      37
      35
      49
      47
      39
      42
      37
      32
      40
      38
      42
      50
      26
      43
      44
      27
      30
      40
      39
      40
      48
      37
      38
      30
      32
      24
      36
      33
      36
      27
      42
      30
      21
      37
      33
      34
      30
      29
      33
      27
      27
      38
      36
      26
      34
      33
      18
      38
      27
      30
      24
      32
      32
      35
      32
      24
      30
      23
      32
      29
      31
      28
      46
      36
      26
      38
      23
      28
      25
      26
      27
      32
      27
      29
      24
      30
      25
      29
      22
      23
      23
      27
      43
      42
      27
      27
      32
      29
      33
      29
      28
      33
      33
      32
      37
      43
      33
      49
      41
      51
      51
      53
      45
      60
      47
      63
      72
      68
      70
      85
      73
     100
     102
      96
      85
      85
     107
      90
      91
      97
      77
      69
      99
      79
      72
      80
      54
      55
      46
      57
      56
      38
      36
      37
      29
      21
      14
      15
      18
       9
      12
       8
       8
      18
       3
       5
      10
       9
       4
       4
       7
       6
       5
       6
      10
       6
       7
       3
       5
       7
      11
       6
      11
       4
       9
       8
      12
       8
       9
       9
       6
       8
      10
       6
       7
       8
       6
       6
      10
       7
       7
       7
       7
       3
       5
       4
       3
       7
       6
      10
       7
       4
       3
       3
       7
       7
       1
       4
       7
       3
       3
       8
       7
      10
       7
       3
       8
       7
       8
       8
       4
       8
       4
       3
       6
       2
       6
       8
       8
       3
       3
      10
       6
       8
       7
       5
       2
       5
       5
       5
       9
       1
       2
       4
       5
       4
       2
       4
       3
       3
       6
       8
       2
       6
       5
       5
       4
       8
       9
       7
       2
       4
       6
       5
       3
       4
       7
       5
       7
       1
       6
      11
      10
       4
       3
       7
       4
       3
       3
       1
       6
       5
       2
       4
       7
       0
       2
       8
       2
       1
       7
       9
       6
       6
       8
       3
       8
       1
      10
       7
       7
       5
       3
      11
       5
       4
       4
       8
       7
       2
      10
       4
       6
       3
       4
       7
       6
       5
       7
       4
       6
       4
      10
       9
       7
       8
       4
       6
       6
       2
       7
       4
       6
       1
       5
      12
       4
       4
       5
       4
       3
       7
       5
       5
       4
       3
       1
       3
       4
       4
       3
       4
       0
       5
       4
       1
       3
       2
       5
       3
       2
       2
       4
       1
       3
       4
       4
       4
       1
       6
       6
       4
       3
       4
       6
       3
       4
       3
       3
       5
       5
       2
       5
      18
       5
      11
      16
      12
      14
       7
       5
       7
       2
       2
       6
       6
       1
       3
       5
       4
       4
       4
       4
       5
       3
       4
       1
       6
       3
       4
       1
       2
       2
       2
       5
       4
       3
       2
       2
       2
       4
       7
       1
       1
       1
       4
       5
       3
       2
$ROI:
0
$PRESETS:
Live Time
1200
0
$ENER_FIT:
0.000000 0.000000
$MCA_CAL:
3
0.000000E+000 0.000000E+000 0.000000E+000
$SHAPE_CAL:
3
0.000000E+000 0.000000E+000 0.000000E+000
